/home/kohyusik/anaconda2/bin/python /home/kohyusik/git/DevDay_ML/OpenRateModel/open_predict_model_NN.py
x  : 
[[ 24.   0.   5.  25.]
 [ 24.   1.   5.  25.]
 [ 24.   2.   5.  25.]
 ..., 
 [  0.  21.  25.   0.]
 [  0.  22.  25.   0.]
 [  0.  23.  25.   0.]]
y  : 
[[ 0.]
 [ 0.]
 [ 0.]
 ..., 
 [ 0.]
 [ 0.]
 [ 0.]]
0 0.624517 [[ 0.10210942 -0.07961484 -0.06529868 -0.14795825  0.49475446]
 [ 0.02215046  0.33920059 -0.05339348  0.15884139  0.29661331]
 [ 0.45945123  0.09829642 -0.31745589  0.35476631  0.14652462]
 [ 0.19155607  0.0900968  -0.36959302  0.33884445  0.23635642]] [[-0.14025505 -0.38801181  0.24711002 -0.39454365  0.25938275 -0.22203383
  -0.2101575  -0.37211335 -0.18968785 -0.47096866]
 [-0.16999905 -0.01915519 -0.41370824 -0.28176329  0.16411023  0.41371205
   0.35467878 -0.44130778 -0.25198591  0.41180676]
 [ 0.08870125 -0.38276637 -0.35172284  0.49630666 -0.32275379  0.0495863
  -0.22863209  0.33031511 -0.41329372 -0.0589689 ]
 [-0.33898044  0.47117794  0.12558252  0.05940999 -0.09317899  0.27552107
  -0.34976268  0.33264303 -0.39239442  0.20823066]
 [ 0.06626765 -0.03953427  0.16415736  0.32905737  0.1180758  -0.15871075
   0.05657267 -0.00864255 -0.14139116 -0.09742641]]
200 0.473101 [[ 0.13608727 -0.04433071 -0.06529868 -0.15203398  0.50486106]
 [ 0.00281486  0.34858781 -0.05339348  0.14808591  0.28035131]
 [ 0.4901928   0.13663125 -0.31745589  0.35163456  0.15752931]
 [ 0.22185199  0.13096353 -0.36959302  0.33906296  0.24547105]] [[-0.1410064  -0.39476213  0.23964286 -0.40116     0.34616485 -0.19763525
  -0.20987874 -0.37211335 -0.18968785 -0.47106469]
 [-0.17002878 -0.02381354 -0.43141857 -0.28359842  0.17010179  0.41683632
   0.35365444 -0.44130778 -0.25198591  0.41182953]
 [ 0.08870125 -0.38276637 -0.35172284  0.49630666 -0.32275379  0.0495863
  -0.22863209  0.33031511 -0.41329372 -0.0589689 ]
 [-0.33898044  0.463377    0.11543382  0.0560325  -0.03742354  0.29751155
  -0.35088801  0.33264303 -0.39239442  0.20809571]
 [ 0.06442381 -0.04693979  0.14507963  0.31775272  0.20416838 -0.13673624
   0.05782225 -0.00864255 -0.14139116 -0.09751309]]
400 0.466346 [[ 0.14535742 -0.0444207  -0.06529868 -0.16056186  0.51110178]
 [-0.03717123  0.35662916 -0.05339348  0.13155408  0.25748292]
 [ 0.50119525  0.12817606 -0.31745589  0.34334689  0.16401948]
 [ 0.2353823   0.12085851 -0.36959302  0.33343595  0.25453001]] [[-0.14123616 -0.39588672  0.24337098 -0.4012399   0.36155558 -0.21690618
  -0.20910273 -0.37211335 -0.18968785 -0.47075963]
 [-0.17002907 -0.02557267 -0.45761752 -0.28387532  0.14394021  0.39931557
   0.35279769 -0.44130778 -0.25198591  0.4124155 ]
 [ 0.08870125 -0.38276637 -0.35172284  0.49630666 -0.32275379  0.0495863
  -0.22863209  0.33031511 -0.41329372 -0.0589689 ]
 [-0.33898044  0.46212476  0.1096483   0.05612979 -0.03981806  0.27982497
  -0.35196695  0.33264303 -0.39239442  0.2086152 ]
 [ 0.06390551 -0.04909594  0.12383554  0.31734213  0.19889365 -0.16493915
   0.06002215 -0.00864255 -0.14139116 -0.09678013]]
600 0.458268 [[ 0.14285496 -0.03683411 -0.06529868 -0.16284518  0.51154971]
 [-0.08574275  0.39361942 -0.05339348  0.11848854  0.23338081]
 [ 0.50631499  0.1270919  -0.31745589  0.33245063  0.16686024]
 [ 0.24222295  0.12169313 -0.36959302  0.33129877  0.25929603]] [[-0.14132196 -0.39991307  0.240944   -0.40046817  0.37164375 -0.22755499
  -0.20830132 -0.37211335 -0.18968785 -0.471241  ]
 [-0.17002915 -0.02938361 -0.50082529 -0.28367212  0.11777783  0.3912378
   0.35138512 -0.44130778 -0.25198591  0.4121545 ]
 [ 0.08870125 -0.38276637 -0.35172284  0.49630666 -0.32275379  0.0495863
  -0.22863209  0.33031511 -0.41329372 -0.0589689 ]
 [-0.33898044  0.45788783  0.09356408  0.05679876 -0.0427384   0.27060848
  -0.35306111  0.33264303 -0.39239442  0.20823018]
 [ 0.06371228 -0.05252061  0.08652559  0.31848127  0.18734157 -0.17420116
   0.06121202 -0.00864255 -0.14139116 -0.09680739]]
800 0.443153 [[ 0.14182483 -0.02826828 -0.06529868 -0.16481975  0.51140767]
 [-0.13462539  0.44501963 -0.05339348  0.10793096  0.21179324]
 [ 0.51365441  0.12275012 -0.31745589  0.32287815  0.16880842]
 [ 0.25347638  0.112658   -0.36959302  0.33212975  0.26554108]] [[-0.14132196 -0.40364137  0.25828299 -0.40068188  0.38427451 -0.23243807
  -0.20445004 -0.37211335 -0.18968785 -0.47287667]
 [-0.17002915 -0.03350928 -0.54349023 -0.28617093  0.08937666  0.38739133
   0.35422125 -0.44130778 -0.25198591  0.41212818]
 [ 0.08870125 -0.38276637 -0.35172284  0.49630666 -0.32275379  0.0495863
  -0.22863209  0.33031511 -0.41329372 -0.0589689 ]
 [-0.33898044  0.45377845  0.08879213  0.05764419 -0.04516531  0.26608446
  -0.35335845  0.33264303 -0.39239442  0.20595987]
 [ 0.06371228 -0.05524951  0.06745559  0.31535468  0.17930676 -0.17695296
   0.06971575 -0.00864255 -0.14139116 -0.09511915]]
1000 0.424039 [[ 0.13868742 -0.02774985 -0.06529868 -0.15700357  0.51455176]
 [-0.18054914  0.50060099 -0.05339348  0.10741505  0.19716716]
 [ 0.52302551  0.11268629 -0.31745589  0.31855813  0.17155015]
 [ 0.26137936  0.10515422 -0.36959302  0.33582461  0.2690568 ]] [[-0.14133206 -0.4084866   0.29040197 -0.40024576  0.39634901 -0.23583409
  -0.20379525 -0.37211335 -0.18968785 -0.46806881]
 [-0.17002915 -0.03919366 -0.58013397 -0.28795111  0.07215027  0.38267085
   0.35427535 -0.44130778 -0.25198591  0.42680144]
 [ 0.08870125 -0.38276637 -0.35172284  0.49630666 -0.32275379  0.0495863
  -0.22863209  0.33031511 -0.41329372 -0.0589689 ]
 [-0.33898044  0.44818944  0.08810344  0.05820363 -0.04571105  0.26361212
  -0.35715193  0.33264303 -0.39239442  0.20773868]
 [ 0.06368986 -0.05837442  0.07116992  0.31486681  0.18166736 -0.18249872
   0.07392157 -0.00864255 -0.14139116 -0.07150357]]
1200 0.413039 [[ 0.13437517 -0.02438989 -0.06529868 -0.14911385  0.52109939]
 [-0.20052412  0.53767169 -0.05339348  0.10064879  0.19277167]
 [ 0.53871906  0.10683025 -0.31745589  0.31042391  0.17674272]
 [ 0.26842842  0.09654579 -0.36959302  0.34381086  0.27250502]] [[-0.14142853 -0.41629344  0.31176981 -0.39732775  0.41161069 -0.23836021
  -0.20964657 -0.37211335 -0.18968785 -0.46160781]
 [-0.17002915 -0.05187542 -0.60462648 -0.28911602  0.06769917  0.37617174
   0.35538632 -0.44130778 -0.25198591  0.43758303]
 [ 0.08870125 -0.38276637 -0.35172284  0.49630666 -0.32275379  0.0495863
  -0.22863209  0.33031511 -0.41329372 -0.0589689 ]
 [-0.33898044  0.43806967  0.0943846   0.05821685 -0.04064978  0.26125023
  -0.36212623  0.33264303 -0.39239442  0.21346231]
 [ 0.06347404 -0.06448822  0.06652532  0.32056117  0.19495182 -0.19031544
   0.06926941 -0.00864255 -0.14139116 -0.05411996]]
1400 0.408687 [[ 0.13667196 -0.03088723 -0.06529868 -0.14709793  0.52964664]
 [-0.20416589  0.55322027 -0.05339348  0.08937437  0.19428939]
 [ 0.54677677  0.10926336 -0.31745589  0.3011305   0.18114224]
 [ 0.26475534  0.0922327  -0.36959302  0.3502847   0.27643067]] [[-0.14149909 -0.42193523  0.31944644 -0.39454702  0.41905722 -0.24769509
  -0.21311013 -0.37211335 -0.18968785 -0.45005652]
 [-0.17002915 -0.06466452 -0.61504483 -0.29320803  0.06158281  0.35957468
   0.36575532 -0.44130778 -0.25198591  0.44463861]
 [ 0.08870125 -0.38276637 -0.35172284  0.49630666 -0.32275379  0.0495863
  -0.22863209  0.33031511 -0.41329372 -0.0589689 ]
 [-0.33898044  0.43007857  0.09804977  0.05880243 -0.03934732  0.25435597
  -0.3639043   0.33264303 -0.39239442  0.22398511]
 [ 0.06331482 -0.07032637  0.06373872  0.32341382  0.19762221 -0.21600293
   0.07391297 -0.00864255 -0.14139116 -0.04321893]]
1600 0.406289 [[ 0.13858818 -0.03951598 -0.06529868 -0.14411925  0.53600711]
 [-0.20540749  0.56296217 -0.05339348  0.08897449  0.1924251 ]
 [ 0.54955995  0.11303839 -0.31745589  0.29961476  0.18346934]
 [ 0.2576946   0.09117771 -0.36959302  0.35810798  0.27622634]] [[-0.1415759  -0.42454612  0.32306933 -0.39119273  0.42243958 -0.25264955
  -0.21763991 -0.37211335 -0.18968785 -0.44039506]
 [-0.170031   -0.06993882 -0.6200667  -0.29947343  0.05652399  0.35361916
   0.37390962 -0.44130778 -0.25198591  0.44542599]
 [ 0.08870125 -0.38276637 -0.35172284  0.49630666 -0.32275379  0.0495863
  -0.22863209  0.33031511 -0.41329372 -0.0589689 ]
 [-0.33898044  0.42783752  0.09993946  0.05838645 -0.03895412  0.25331438
  -0.36732548  0.33264303 -0.39239442  0.23134623]
 [ 0.06313645 -0.07041562  0.06028957  0.32448229  0.19407915 -0.23253748
   0.07745054 -0.00864255 -0.14139116 -0.04326161]]
1800 0.404429 [[ 0.13954504 -0.04675336 -0.06529868 -0.14264131  0.5406788 ]
 [-0.20359336  0.56883216 -0.05339348  0.09165081  0.18890858]
 [ 0.5500626   0.11639825 -0.31745589  0.30273962  0.18492371]
 [ 0.25190583  0.09410398 -0.36959302  0.36510187  0.2740081 ]] [[-0.14164998 -0.42660409  0.32655567 -0.38848397  0.42534047 -0.25626221
  -0.22346832 -0.37211335 -0.18968785 -0.42721632]
 [-0.170031   -0.07615833 -0.61939442 -0.30616057  0.0544778   0.35563588
   0.37820059 -0.44130778 -0.25198591  0.44603711]
 [ 0.08870125 -0.38276637 -0.35172284  0.49630666 -0.32275379  0.0495863
  -0.22863209  0.33031511 -0.41329372 -0.0589689 ]
 [-0.33898044  0.42611063  0.10224659  0.05700717 -0.03726912  0.25532195
  -0.37206918  0.33264303 -0.39239442  0.23936191]
 [ 0.06296356 -0.07068878  0.05616819  0.32448047  0.19138668 -0.24212666
   0.0764116  -0.00864255 -0.14139116 -0.04487285]]
2000 0.402925 [[ 0.13963152 -0.05206367 -0.06529868 -0.14400986  0.54482657]
 [-0.20024161  0.57166171 -0.05339348  0.09643771  0.1839598 ]
 [ 0.54998732  0.11906792 -0.31745589  0.30724996  0.18557347]
 [ 0.24875098  0.09471428 -0.36959302  0.36889356  0.27243382]] [[-0.14174972 -0.42831466  0.32725903 -0.38498753  0.42702153 -0.25965127
  -0.22911079 -0.37211335 -0.18968785 -0.4180983 ]
 [-0.1700331  -0.08184566 -0.61392742 -0.31330487  0.0513372   0.36017653
   0.38163522 -0.44130778 -0.25198591  0.44719267]
 [ 0.08870125 -0.38276637 -0.35172284  0.49630666 -0.32275379  0.0495863
  -0.22863209  0.33031511 -0.41329372 -0.0589689 ]
 [-0.33898044  0.42511314  0.10387877  0.05638321 -0.03569675  0.25870591
  -0.3772749   0.33264303 -0.39239442  0.24328203]
 [ 0.0627256  -0.0701101   0.0505085   0.32463011  0.18652223 -0.24991608
   0.07637687 -0.00864255 -0.14139116 -0.05202386]]
2200 0.401287 [[ 0.13788728 -0.05729344 -0.06529868 -0.14735141  0.5498867 ]
 [-0.19536152  0.57625085 -0.05339348  0.10062757  0.17821357]
 [ 0.54816955  0.12241141 -0.31745589  0.31360856  0.18613842]
 [ 0.24477781  0.0978704  -0.36959302  0.37230116  0.27020964]] [[-0.14186035 -0.43001959  0.32921755 -0.37994152  0.42859316 -0.26153293
  -0.23390695 -0.37211335 -0.18968785 -0.40653455]
 [-0.17003608 -0.08812087 -0.60577345 -0.32133883  0.05032771  0.36794254
   0.38604432 -0.44130778 -0.25198591  0.45040226]
 [ 0.08870125 -0.38276637 -0.35172284  0.49630666 -0.32275379  0.0495863
  -0.22863209  0.33031511 -0.41329372 -0.0589689 ]
 [-0.33898044  0.42417523  0.10600824  0.0552853  -0.03336024  0.26379824
  -0.3819356   0.33264303 -0.39239442  0.24880217]
 [ 0.06245648 -0.06913108  0.04625794  0.32573852  0.18268864 -0.25582546
   0.07801113 -0.00864255 -0.14139116 -0.05682221]]
2400 0.39944 [[ 0.1381225  -0.06734013 -0.06529868 -0.15167275  0.55507678]
 [-0.19173524  0.58089125 -0.05339348  0.10680852  0.17150623]
 [ 0.54449213  0.12776165 -0.31745589  0.32096916  0.1866665 ]
 [ 0.24261965  0.10190665 -0.36959302  0.3716397   0.26912221]] [[-0.14202765 -0.43162721  0.33004871 -0.37451977  0.43072498 -0.26447099
  -0.23769566 -0.37211335 -0.18968785 -0.39516556]
 [-0.17004359 -0.09372261 -0.59437269 -0.33061731  0.05011488  0.37632421
   0.39163411 -0.44130778 -0.25198591  0.45677698]
 [ 0.08870125 -0.38276637 -0.35172284  0.49630666 -0.32275379  0.0495863
  -0.22863209  0.33031511 -0.41329372 -0.0589689 ]
 [-0.33898044  0.42365855  0.10552393  0.05407733 -0.02940264  0.26842925
  -0.38572362  0.33264303 -0.39239442  0.25341105]
 [ 0.06203716 -0.0671948   0.04485057  0.32609099  0.17873397 -0.26252016
   0.08061978 -0.00864255 -0.14139116 -0.06335943]]
2600 0.397224 [[ 0.13681658 -0.0784622  -0.06529868 -0.15712191  0.56109107]
 [-0.18843804  0.58522248 -0.05339348  0.11367854  0.16400595]
 [ 0.53953761  0.13321136 -0.31745589  0.32958126  0.18832922]
 [ 0.24060665  0.10630392 -0.36959302  0.36857477  0.27025422]] [[-0.14228225 -0.43235651  0.33044684 -0.36753225  0.43359223 -0.27079871
  -0.24003653 -0.37211335 -0.18968785 -0.3818869 ]
 [-0.17005306 -0.10027669 -0.57945359 -0.33906686  0.05050974  0.38694921
   0.39743328 -0.44130778 -0.25198591  0.46548098]
 [ 0.08870125 -0.38276637 -0.35172284  0.49630666 -0.32275379  0.0495863
  -0.22863209  0.33031511 -0.41329372 -0.0589689 ]
 [-0.33898044  0.42398232  0.10295739  0.05326176 -0.02374169  0.26991943
  -0.38987342  0.33264303 -0.39239442  0.2596035 ]
 [ 0.06139534 -0.06408971  0.04414942  0.32845065  0.17531301 -0.26948768
   0.08608194 -0.00864255 -0.14139116 -0.07121638]]
2800 0.394859 [[ 0.13394994 -0.08972716 -0.06529868 -0.1642447   0.56745416]
 [-0.18568358  0.59067327 -0.05339348  0.11975139  0.15536527]
 [ 0.53321379  0.13932806 -0.31745589  0.33699319  0.19096148]
 [ 0.2428287   0.10914407 -0.36959302  0.36453295  0.27034429]] [[-0.14264327 -0.43229321  0.32975459 -0.36048201  0.43639365 -0.27913746
  -0.2418503  -0.37211335 -0.18968785 -0.36928675]
 [-0.17006953 -0.10603103 -0.56474811 -0.34853196  0.05114298  0.39856014
   0.40289846 -0.44130778 -0.25198591  0.47338593]
 [ 0.08870125 -0.38276637 -0.35172284  0.49630666 -0.32275379  0.0495863
  -0.22863209  0.33031511 -0.41329372 -0.0589689 ]
 [-0.33898044  0.42543587  0.09951424  0.05047121 -0.0172883   0.27053308
  -0.39393836  0.33264303 -0.39239442  0.26381546]
 [ 0.06045722 -0.05936622  0.04201982  0.33075103  0.17228162 -0.27606016
   0.09073166 -0.00864255 -0.14139116 -0.08110616]]
3000 0.392617 [[ 0.13107435 -0.09975547 -0.06529868 -0.17057203  0.57322693]
 [-0.18379791  0.59619153 -0.05339348  0.12541124  0.14586456]
 [ 0.53117645  0.14494452 -0.31745589  0.33844152  0.19323935]
 [ 0.24263398  0.11067172 -0.36959302  0.36430711  0.27075705]] [[-0.14304879 -0.43289137  0.32754412 -0.35479587  0.43916687 -0.2876181
  -0.24255797 -0.37211335 -0.18968785 -0.36109912]
 [-0.17009068 -0.11222626 -0.5495671  -0.35849997  0.04971449  0.41056743
   0.40918267 -0.44130778 -0.25198591  0.47931197]
 [ 0.08870125 -0.38276637 -0.35172284  0.49630666 -0.32275379  0.0495863
  -0.22863209  0.33031511 -0.41329372 -0.0589689 ]
 [-0.33898044  0.4260911   0.09776732  0.04749999 -0.01194231  0.27120197
  -0.39706284  0.33264303 -0.39239442  0.2670975 ]
 [ 0.05936104 -0.05500077  0.03881416  0.33260688  0.16852662 -0.28180349
   0.09452957 -0.00864255 -0.14139116 -0.09198043]]
3200 0.390588 [[ 0.12922221 -0.10745719 -0.06529868 -0.17519411  0.57751524]
 [-0.18210757  0.60113287 -0.05339348  0.13195796  0.13658376]
 [ 0.53206682  0.15007253 -0.31745589  0.33796582  0.19510683]
 [ 0.23991637  0.11266004 -0.36959302  0.3646647   0.2730442 ]] [[-0.14351113 -0.43433046  0.32625645 -0.35022891  0.44216022 -0.29673883
  -0.24196769 -0.37211335 -0.18968785 -0.35265973]
 [-0.17012204 -0.11787617 -0.53349608 -0.36816153  0.0485466   0.4210791
   0.41552877 -0.44130778 -0.25198591  0.48571095]
 [ 0.08870125 -0.38276637 -0.35172284  0.49630666 -0.32275379  0.0495863
  -0.22863209  0.33031511 -0.41329372 -0.0589689 ]
 [-0.33898044  0.42625505  0.09538308  0.04562351 -0.0064833   0.27032471
  -0.39995724  0.33264303 -0.39239442  0.27083361]
 [ 0.05807258 -0.05097856  0.03500038  0.33425114  0.1670841  -0.2845313
   0.09814648 -0.00864255 -0.14139116 -0.10382146]]
3400 0.388653 [[ 0.12856659 -0.11570731 -0.06529868 -0.17884198  0.58063883]
 [-0.18054384  0.60724705 -0.05339348  0.13806789  0.12636842]
 [ 0.53234142  0.15715757 -0.31745589  0.33550274  0.19672881]
 [ 0.23621745  0.1143074  -0.36959302  0.36677188  0.27656728]] [[-0.1438707  -0.43633154  0.32520846 -0.34533614  0.44488975 -0.30639559
  -0.24016629 -0.37211335 -0.18968785 -0.34274524]
 [-0.17014426 -0.1231127  -0.51884103 -0.3789176   0.0479658   0.4307861
   0.42086017 -0.44130778 -0.25198591  0.49264485]
 [ 0.08870125 -0.38276637 -0.35172284  0.49630666 -0.32275379  0.0495863
  -0.22863209  0.33031511 -0.41329372 -0.0589689 ]
 [-0.33898044  0.4261497   0.08911704  0.04442719 -0.000556    0.26812851
  -0.4039124   0.33264303 -0.39239442  0.27494642]
 [ 0.0570511  -0.04658001  0.03483018  0.33506328  0.16687715 -0.28623068
   0.10180464 -0.00864255 -0.14139116 -0.11266897]]
3600 0.38676 [[ 0.12729643 -0.12376358 -0.06529868 -0.1836873   0.58315659]
 [-0.18003419  0.61370206 -0.05339348  0.14367592  0.11643598]
 [ 0.53509259  0.16434258 -0.31745589  0.3303771   0.19850527]
 [ 0.2316014   0.11479925 -0.36959302  0.36716357  0.2808876 ]] [[-0.14416572 -0.43952042  0.32632867 -0.34098399  0.44759148 -0.31541783
  -0.23577242 -0.37211335 -0.18968785 -0.33416069]
 [-0.17015763 -0.12613231 -0.50558484 -0.38970068  0.04822624  0.43886676
   0.4256269  -0.44130778 -0.25198591  0.50003952]
 [ 0.08870125 -0.38276637 -0.35172284  0.49630666 -0.32275379  0.0495863
  -0.22863209  0.33031511 -0.41329372 -0.0589689 ]
 [-0.33898044  0.42561495  0.08056051  0.04305989  0.00491427  0.26451513
  -0.4076187   0.33264303 -0.39239442  0.27703124]
 [ 0.05621127 -0.04145907  0.03674005  0.33600038  0.16694324 -0.28786066
   0.10619679 -0.00864255 -0.14139116 -0.11944816]]
3800 0.385121 [[ 0.12879713 -0.12919286 -0.06529868 -0.18658057  0.58521712]
 [-0.17917714  0.61952776 -0.05339348  0.14908808  0.10755316]
 [ 0.53691697  0.16957709 -0.31745589  0.3260693   0.19971293]
 [ 0.22939239  0.1128756  -0.36959302  0.37040764  0.28434867]] [[-0.14440903 -0.44245705  0.32748094 -0.33700854  0.44951081 -0.32311982
  -0.23354469 -0.37211335 -0.18968785 -0.32691124]
 [-0.17016649 -0.12922934 -0.49033752 -0.39902773  0.04584108  0.44537017
   0.43097317 -0.44130778 -0.25198591  0.50845867]
 [ 0.08870125 -0.38276637 -0.35172284  0.49630666 -0.32275379  0.0495863
  -0.22863209  0.33031511 -0.41329372 -0.0589689 ]
 [-0.33898044  0.42516753  0.07347166  0.04234981  0.00851039  0.26139149
  -0.4131391   0.33264303 -0.39239442  0.27853492]
 [ 0.05551898 -0.03943714  0.03652913  0.33740184  0.1692335  -0.28705904
   0.10687987 -0.00864255 -0.14139116 -0.1265697 ]]
4000 0.383711 [[ 0.12746723 -0.13342924 -0.06529868 -0.18818265  0.58833623]
 [-0.17587882  0.62501746 -0.05339348  0.15251079  0.10019529]
 [ 0.53897083  0.17386222 -0.31745589  0.3220146   0.20119379]
 [ 0.22708376  0.1108812  -0.36959302  0.3750791   0.2860553 ]] [[-0.14457843 -0.44400999  0.32735032 -0.33301452  0.45126209 -0.32924774
  -0.23193729 -0.37211335 -0.18968785 -0.32185188]
 [-0.17017245 -0.13444459 -0.47517824 -0.40807819  0.04388142  0.45067203
   0.43611252 -0.44130778 -0.25198591  0.51596171]
 [ 0.08870125 -0.38276637 -0.35172284  0.49630666 -0.32275379  0.0495863
  -0.22863209  0.33031511 -0.41329372 -0.0589689 ]
 [-0.33898044  0.42578304  0.06750659  0.04007979  0.01261547  0.26002964
  -0.41819897  0.33264303 -0.39239442  0.27750641]
 [ 0.05502976 -0.03647579  0.03442138  0.33941415  0.17113222 -0.28707474
   0.10848095 -0.00864255 -0.14139116 -0.13356379]]
4200 0.382487 [[ 0.12520136 -0.13575672 -0.06529868 -0.1900356   0.59046572]
 [-0.17440206  0.63016486 -0.05339348  0.15574244  0.09308715]
 [ 0.54201722  0.17599739 -0.31745589  0.318683    0.2020013 ]
 [ 0.22486269  0.1100436  -0.36959302  0.37829876  0.28759378]] [[-0.1447276  -0.44691324  0.32692361 -0.32912657  0.4527007  -0.33361009
  -0.23213938 -0.37211335 -0.18968785 -0.31836325]
 [-0.17017841 -0.13649558 -0.4636738  -0.41740951  0.04236115  0.45476049
   0.43974698 -0.44130778 -0.25198591  0.52111608]
 [ 0.08870125 -0.38276637 -0.35172284  0.49630666 -0.32275379  0.0495863
  -0.22863209  0.33031511 -0.41329372 -0.0589689 ]
 [-0.33898044  0.42612061  0.06165994  0.03735272  0.01561865  0.25781119
  -0.42341566  0.33264303 -0.39239442  0.27641374]
 [ 0.05459594 -0.0347955   0.03242377  0.34144419  0.17231293 -0.28656659
   0.10905219 -0.00864255 -0.14139116 -0.13792123]]
4400 0.381502 [[ 0.12359729 -0.13833769 -0.06529868 -0.19126672  0.59227341]
 [-0.1752021   0.63363051 -0.05339348  0.15828913  0.08751533]
 [ 0.54529893  0.17828628 -0.31745589  0.31552854  0.20206478]
 [ 0.22257146  0.10836467 -0.36959302  0.38186929  0.28881279]] [[-0.14485389 -0.45025072  0.32596868 -0.32633257  0.45415643 -0.33664465
  -0.23377609 -0.37211335 -0.18968785 -0.31583634]
 [-0.17018284 -0.13878359 -0.45385984 -0.42492968  0.04129619  0.45797011
   0.44219953 -0.44130778 -0.25198591  0.52550596]
 [ 0.08870125 -0.38276637 -0.35172284  0.49630666 -0.32275379  0.0495863
  -0.22863209  0.33031511 -0.41329372 -0.0589689 ]
 [-0.33898044  0.42598996  0.05554817  0.03463052  0.01789664  0.25541461
  -0.42922851  0.33264303 -0.39239442  0.27509728]
 [ 0.05422674 -0.03387728  0.03161909  0.34376636  0.17365713 -0.28555346
   0.10822349 -0.00864255 -0.14139116 -0.14114252]]
4600 0.380654 [[ 0.12097754 -0.14103602 -0.06529868 -0.19103473  0.5935601 ]
 [-0.17371233  0.63754231 -0.05339348  0.15913156  0.08270371]
 [ 0.54893333  0.18015325 -0.31745589  0.30968165  0.20309797]
 [ 0.21957049  0.10722031 -0.36959302  0.38832027  0.28729197]] [[-0.14496244 -0.45441487  0.32529828 -0.32282388  0.45466825 -0.33789191
  -0.23546995 -0.37211335 -0.18968785 -0.31429893]
 [-0.17018582 -0.14108661 -0.44419479 -0.43309745  0.03992039  0.45859787
   0.44602713 -0.44130778 -0.25198591  0.53059983]
 [ 0.08870125 -0.38276637 -0.35172284  0.49630666 -0.32275379  0.0495863
  -0.22863209  0.33031511 -0.41329372 -0.0589689 ]
 [-0.33898044  0.42520913  0.05085098  0.03184582  0.01955728  0.25570759
  -0.43390521  0.33264303 -0.39239442  0.27272215]
 [ 0.05390755 -0.03214272  0.03024164  0.34529665  0.17395478 -0.28510818
   0.10557387 -0.00864255 -0.14139116 -0.14265724]]
4800 0.379684 [[ 0.11808389 -0.14375238 -0.06529868 -0.18838598  0.59442371]
 [-0.16935433  0.64275432 -0.05339348  0.15738301  0.0783123 ]
 [ 0.55192375  0.18231499 -0.31745589  0.30342773  0.20330846]
 [ 0.21538332  0.10390752 -0.36959302  0.39504719  0.28695244]] [[-0.14505741 -0.4572618   0.32494089 -0.31917509  0.45431957 -0.33840346
  -0.23687392 -0.37211335 -0.18968785 -0.31339562]
 [-0.1701888  -0.14630632 -0.43637308 -0.44188154  0.03935802  0.45817319
   0.45003131 -0.44130778 -0.25198591  0.53456795]
 [ 0.08870125 -0.38276637 -0.35172284  0.49630666 -0.32275379  0.0495863
  -0.22863209  0.33031511 -0.41329372 -0.0589689 ]
 [-0.33898044  0.42536992  0.04645432  0.02864401  0.02087267  0.25474972
  -0.43685099  0.33264303 -0.39239442  0.26986143]
 [ 0.05362579 -0.02781231  0.02803852  0.34625456  0.17529821 -0.28553683
   0.10282219 -0.00864255 -0.14139116 -0.14409234]]
5000 0.378998 [[ 0.11562292 -0.14740598 -0.06529868 -0.18452062  0.5930652 ]
 [-0.16423075  0.64886242 -0.05339348  0.15275083  0.07347281]
 [ 0.55572963  0.18413953 -0.31745589  0.29785332  0.20164843]
 [ 0.20890792  0.09931991 -0.36959302  0.40294409  0.28777444]] [[-0.14513783 -0.46022546  0.32483432 -0.31597331  0.45304266 -0.33751625
  -0.24059464 -0.37211335 -0.18968785 -0.31274673]
 [-0.17019178 -0.1532611  -0.42897654 -0.45104277  0.03728393  0.45685297
   0.45472071 -0.44130778 -0.25198591  0.53845006]
 [ 0.08870125 -0.38276637 -0.35172284  0.49630666 -0.32275379  0.0495863
  -0.22863209  0.33031511 -0.41329372 -0.0589689 ]
 [-0.33898044  0.42530438  0.04081579  0.02643061  0.02140821  0.25266767
  -0.44034579  0.33264303 -0.39239442  0.26804289]
 [ 0.05338781 -0.0233187   0.02596913  0.34605521  0.17430381 -0.28551361
   0.09715014 -0.00864255 -0.14139116 -0.14521869]]
5200 0.377801 [[ 0.11226791 -0.15035833 -0.06529868 -0.18012176  0.59176201]
 [-0.16115651  0.65504485 -0.05339348  0.14902693  0.06951615]
 [ 0.55829972  0.18531212 -0.31745589  0.29226592  0.20156989]
 [ 0.20387718  0.0957815  -0.36959302  0.40932968  0.28806061]] [[-0.14520721 -0.46268082  0.32430577 -0.31223741  0.45292437 -0.33687946
  -0.24295996 -0.37211335 -0.18968785 -0.31268501]
 [-0.17019476 -0.15820688 -0.42197338 -0.4598946   0.03897294  0.45573229
   0.46024606 -0.44130778 -0.25198591  0.5414173 ]
 [ 0.08870125 -0.38276637 -0.35172284  0.49630666 -0.32275379  0.0495863
  -0.22863209  0.33031511 -0.41329372 -0.0589689 ]
 [-0.33898044  0.42677972  0.03631199  0.02325928  0.02324455  0.24950203
  -0.44169489  0.33264303 -0.39239442  0.26633739]
 [ 0.05318243 -0.01988854  0.02421122  0.3466506   0.17404427 -0.28573474
   0.09199616 -0.00864255 -0.14139116 -0.14455105]]
5400 0.377057 [[ 0.10888541 -0.15317415 -0.06529868 -0.17750759  0.59127563]
 [-0.15721156  0.66069561 -0.05339348  0.14684691  0.0655902 ]
 [ 0.55907106  0.18565521 -0.31745589  0.28756204  0.20173949]
 [ 0.20070907  0.0925778  -0.36959302  0.41424897  0.28734079]] [[-0.14525551 -0.46561748  0.32367203 -0.30746168  0.45216572 -0.33484507
  -0.24478044 -0.37211335 -0.18968785 -0.31372252]
 [-0.17019774 -0.16137086 -0.41597122 -0.46838331  0.04083287  0.45479375
   0.46447685 -0.44130778 -0.25198591  0.54442233]
 [ 0.08870125 -0.38276637 -0.35172284  0.49630666 -0.32275379  0.0495863
  -0.22863209  0.33031511 -0.41329372 -0.0589689 ]
 [-0.33898044  0.4285475   0.03248724  0.01947348  0.02392237  0.24616468
  -0.44317374  0.33264303 -0.39239442  0.26523817]
 [ 0.053036   -0.01731745  0.02317966  0.34740153  0.1731095  -0.28621089
   0.08879412 -0.00864255 -0.14139116 -0.14442481]]
5600 0.376182 [[ 0.10479542 -0.15628541 -0.06529868 -0.1734218   0.59082794]
 [-0.15279828  0.6661945  -0.05339348  0.14359993  0.06208563]
 [ 0.56029385  0.18639131 -0.31745589  0.28437483  0.20049554]
 [ 0.19591431  0.08871266 -0.36959302  0.41777179  0.28760618]] [[-0.14531988 -0.46777958  0.32308808 -0.30365002  0.45121557 -0.33242387
  -0.24736467 -0.37211335 -0.18968785 -0.31448036]
 [-0.17020072 -0.16686425 -0.40914482 -0.47570339  0.04238118  0.45446542
   0.46877614 -0.44130778 -0.25198591  0.54772389]
 [ 0.08870125 -0.38276637 -0.35172284  0.49630666 -0.32275379  0.0495863
  -0.22863209  0.33031511 -0.41329372 -0.0589689 ]
 [-0.33898044  0.43026146  0.02954033  0.01599927  0.02395184  0.24289393
  -0.4434655   0.33264303 -0.39239442  0.2642214 ]
 [ 0.05283989 -0.01257829  0.02101892  0.34756273  0.17269769 -0.28740853
   0.08584042 -0.00864255 -0.14139116 -0.1447649 ]]
5800 0.375269 [[ 0.1030575  -0.15882145 -0.06529868 -0.1712818   0.59046167]
 [-0.15160929  0.67006582 -0.05339348  0.14091729  0.05982464]
 [ 0.55955416  0.18768816 -0.31745589  0.28345639  0.19857611]
 [ 0.19348596  0.08627328 -0.36959302  0.41957945  0.28793395]] [[-0.14541812 -0.47013754  0.32131168 -0.30104467  0.44996276 -0.32980883
  -0.25096655 -0.37211335 -0.18968785 -0.31485566]
 [-0.1702037  -0.17013171 -0.40230212 -0.48110977  0.04414513  0.45449179
   0.47325838 -0.44130778 -0.25198591  0.55095524]
 [ 0.08870125 -0.38276637 -0.35172284  0.49630666 -0.32275379  0.0495863
  -0.22863209  0.33031511 -0.41329372 -0.0589689 ]
 [-0.33898044  0.43238366  0.02737934  0.012574    0.02431529  0.24024746
  -0.44311771  0.33264303 -0.39239442  0.26392081]
 [ 0.0525436  -0.01206706  0.01925076  0.3481783   0.1719249  -0.28778037
   0.08252038 -0.00864255 -0.14139116 -0.14469379]]
6000 0.374434 [[ 0.10196036 -0.15986894 -0.06529868 -0.17089337  0.59072888]
 [-0.15110435  0.67275405 -0.05339348  0.13938487  0.05866982]
 [ 0.55844784  0.18726625 -0.31745589  0.28240928  0.19795451]
 [ 0.19203824  0.08575962 -0.36959302  0.42301926  0.28708953]] [[-0.14549951 -0.47271207  0.31888211 -0.29800361  0.4488124  -0.32651785
  -0.25428656 -0.37211335 -0.18968785 -0.31673503]
 [-0.17020668 -0.17188592 -0.39501625 -0.48558798  0.04614709  0.45328408
   0.47737393 -0.44130778 -0.25198591  0.55465019]
 [ 0.08870125 -0.38276637 -0.35172284  0.49630666 -0.32275379  0.0495863
  -0.22863209  0.33031511 -0.41329372 -0.0589689 ]
 [-0.33898044  0.43467781  0.02655705  0.0102951   0.02645398  0.24146619
  -0.4431923   0.33264303 -0.39239442  0.26253638]
 [ 0.05229608 -0.01381259  0.01716042  0.349307    0.17130481 -0.28667045
   0.0807402  -0.00864255 -0.14139116 -0.14586163]]
6200 0.373725 [[ 0.10060891 -0.15882413 -0.06529868 -0.17197992  0.59068745]
 [-0.15038207  0.67363507 -0.05339348  0.13854317  0.0576958 ]
 [ 0.55669212  0.18531933 -0.31745589  0.28128454  0.19781168]
 [ 0.19072579  0.08551286 -0.36959302  0.42636093  0.28580531]] [[-0.14559382 -0.47553033  0.31528872 -0.29462746  0.44686592 -0.32388189
  -0.25788814 -0.37211335 -0.18968785 -0.31879109]
 [-0.17020966 -0.17290823 -0.38774371 -0.48961654  0.04795999  0.4517225
   0.48017576 -0.44130778 -0.25198591  0.55718827]
 [ 0.08870125 -0.38276637 -0.35172284  0.49630666 -0.32275379  0.0495863
  -0.22863209  0.33031511 -0.41329372 -0.0589689 ]
 [-0.33898044  0.43679494  0.02481957  0.00813973  0.02786872  0.24180973
  -0.44499141  0.33264303 -0.39239442  0.26069871]
 [ 0.05200898 -0.01662445  0.01594242  0.35003471  0.16947645 -0.28656146
   0.0803811  -0.00864255 -0.14139116 -0.14548272]]
6400 0.373264 [[ 0.09976678 -0.15824458 -0.06529868 -0.17097631  0.59090912]
 [-0.15073347  0.67467338 -0.05339348  0.13802697  0.05693153]
 [ 0.5547145   0.18420458 -0.31745589  0.28078642  0.19749548]
 [ 0.1904223   0.08513343 -0.36959302  0.4273006   0.28566837]] [[-0.14569354 -0.47869375  0.31026244 -0.29113677  0.44615197 -0.32097754
  -0.2617285  -0.37211335 -0.18968785 -0.32113403]
 [-0.17021264 -0.17364915 -0.38291159 -0.49334353  0.05006267  0.45101625
   0.48370817 -0.44130778 -0.25198591  0.55768299]
 [ 0.08870125 -0.38276637 -0.35172284  0.49630666 -0.32275379  0.0495863
  -0.22863209  0.33031511 -0.41329372 -0.0589689 ]
 [-0.33898044  0.43872377  0.02404947  0.00580756  0.02932307  0.2406188
  -0.4448275   0.33264303 -0.39239442  0.259498  ]
 [ 0.05170457 -0.01865953  0.01203753  0.35030666  0.16955714 -0.28742218
   0.0797895  -0.00864255 -0.14139116 -0.14631912]]
6600 0.372265 [[ 0.10004826 -0.15849039 -0.06529868 -0.16914639  0.59087509]
 [-0.15124762  0.67638642 -0.05339348  0.13757986  0.05611183]
 [ 0.55280781  0.18230867 -0.31745589  0.28042296  0.19684717]
 [ 0.18978931  0.08486685 -0.36959302  0.42939106  0.28524011]] [[-0.14576304 -0.48196632  0.30761051 -0.28739178  0.4448514  -0.31784931
  -0.26562735 -0.37211335 -0.18968785 -0.32257435]
 [-0.17021562 -0.17529695 -0.3803952  -0.49697784  0.05159301  0.44920617
   0.48611635 -0.44130778 -0.25198591  0.5591377 ]
 [ 0.08870125 -0.38276637 -0.35172284  0.49630666 -0.32275379  0.0495863
  -0.22863209  0.33031511 -0.41329372 -0.0589689 ]
 [-0.33898044  0.44010168  0.02347181  0.00389554  0.03025761  0.23911542
  -0.44539797  0.33264303 -0.39239442  0.25998208]
 [ 0.05148542 -0.02007265  0.01163595  0.34999287  0.16977179 -0.28878951
   0.07947975 -0.00864255 -0.14139116 -0.14571424]]
6800 0.372337 [[ 0.10086587 -0.15971038 -0.06529868 -0.16812895  0.59123629]
 [-0.15140119  0.67879474 -0.05339348  0.13711271  0.05529119]
 [ 0.55097908  0.18099286 -0.31745589  0.27967563  0.19566835]
 [ 0.18874256  0.08361613 -0.36959302  0.4313575   0.28430843]] [[-0.1458215  -0.484882    0.30521592 -0.28413472  0.44372904 -0.31454572
  -0.26900524 -0.37211335 -0.18968785 -0.32450286]
 [-0.17021772 -0.17720361 -0.37914369 -0.49995106  0.05468389  0.44868255
   0.48798001 -0.44130778 -0.25198591  0.56082386]
 [ 0.08870125 -0.38276637 -0.35172284  0.49630666 -0.32275379  0.0495863
  -0.22863209  0.33031511 -0.41329372 -0.0589689 ]
 [-0.33898044  0.4416391   0.02219584  0.00140545  0.03068795  0.23713978
  -0.44636562  0.33264303 -0.39239442  0.26052064]
 [ 0.0513014  -0.02132466  0.01040163  0.34994614  0.17107233 -0.29001892
   0.07890868 -0.00864255 -0.14139116 -0.14616151]]
7000 0.371663 [[ 0.10099147 -0.15993847 -0.06529868 -0.16847368  0.59132075]
 [-0.15228671  0.67974347 -0.05339348  0.13688026  0.05448229]
 [ 0.54999077  0.18011317 -0.31745589  0.27854842  0.19381043]
 [ 0.18764797  0.08240866 -0.36959302  0.43183887  0.28364518]] [[-0.14587094 -0.48779166  0.30340469 -0.28205726  0.44312325 -0.31141767
  -0.27153581 -0.37211335 -0.18968785 -0.32641283]
 [-0.17022011 -0.17792536 -0.37729108 -0.50236779  0.05751635  0.44835284
   0.48941654 -0.44130778 -0.25198591  0.56226635]
 [ 0.08870125 -0.38276637 -0.35172284  0.49630666 -0.32275379  0.0495863
  -0.22863209  0.33031511 -0.41329372 -0.0589689 ]
 [-0.33898044  0.44335288  0.02264105 -0.00137625  0.03073825  0.2342288
  -0.44632861  0.33264303 -0.39239442  0.26160601]
 [ 0.05114429 -0.02292664  0.00989611  0.35003382  0.17253619 -0.29116455
   0.0792725  -0.00864255 -0.14139116 -0.14551163]]
7200 0.371175 [[ 0.09995467 -0.15977444 -0.06529868 -0.16908467  0.59098899]
 [-0.15369195  0.67973346 -0.05339348  0.13683352  0.05358304]
 [ 0.54935575  0.17948696 -0.31745589  0.27660444  0.19186299]
 [ 0.18653457  0.08214156 -0.36959302  0.43286753  0.28175789]] [[-0.14590921 -0.49102405  0.30083901 -0.28093445  0.44215354 -0.30862746
  -0.27398828 -0.37211138 -0.18968785 -0.32847476]
 [-0.17022227 -0.17857054 -0.37406668 -0.50456011  0.05930445  0.44778436
   0.49086416 -0.44130713 -0.25198591  0.56414115]
 [ 0.08870125 -0.38276637 -0.35172284  0.49630666 -0.32275379  0.0495863
  -0.22863209  0.33031511 -0.41329372 -0.0589689 ]
 [-0.33898044  0.44432315  0.02358069 -0.00420567  0.03070875  0.23308156
  -0.44659549  0.33264631 -0.39239442  0.26213863]
 [ 0.0510217  -0.02509108  0.00874656  0.34995979  0.17283715 -0.29115859
   0.07945563 -0.00864059 -0.14139116 -0.14507353]]
7400 0.370045 [[ 0.09889335 -0.15958858 -0.06529868 -0.16908099  0.59060079]
 [-0.15484758  0.67854702 -0.05339348  0.13704607  0.0533    ]
 [ 0.54870111  0.17894012 -0.31745589  0.2752471   0.18936457]
 [ 0.18519373  0.08122259 -0.36959302  0.43339366  0.28149125]] [[-0.14594029 -0.49409154  0.29946586 -0.27987394  0.44101012 -0.30588865
  -0.27616695 -0.37209645 -0.18968785 -0.32974735]
 [-0.17022236 -0.1785996  -0.3695704  -0.50619316  0.06124322  0.44642121
   0.49277356 -0.44130215 -0.25198591  0.56628388]
 [ 0.08870125 -0.38276637 -0.35172284  0.49630666 -0.32275379  0.0495863
  -0.22863209  0.33031511 -0.41329372 -0.0589689 ]
 [-0.33898044  0.44559777  0.02369422 -0.00610183  0.03160187  0.23168667
  -0.44664282  0.33266878 -0.39239442  0.26216713]
 [ 0.05092439 -0.02717973  0.00684003  0.35031387  0.17338498 -0.29186162
   0.07940069 -0.00862502 -0.14139116 -0.14433281]]
7600 0.370025 [[ 0.09788939 -0.15973891 -0.06529868 -0.16928236  0.58967978]
 [-0.1557346   0.67759842 -0.05339348  0.13720515  0.05256616]
 [ 0.54771012  0.17911291 -0.31745589  0.27348557  0.18728977]
 [ 0.18400677  0.08021525 -0.36959302  0.43330598  0.28098682]] [[-0.14596725 -0.49723464  0.29717213 -0.27886686  0.43986729 -0.30419862
  -0.27801818 -0.37207857 -0.18968785 -0.33051357]
 [-0.17022236 -0.17881    -0.36647832 -0.50787532  0.06315953  0.44558078
   0.49443445 -0.44129619 -0.25198591  0.56786352]
 [ 0.08870125 -0.38276637 -0.35172284  0.49630666 -0.32275379  0.0495863
  -0.22863209  0.33031511 -0.41329372 -0.0589689 ]
 [-0.33898044  0.44660839  0.02294021 -0.0079648   0.03256231  0.23036446
  -0.44649193  0.3326956  -0.39239442  0.2617265 ]
 [ 0.05083989 -0.02925687  0.00502302  0.35011181  0.17319101 -0.29224333
   0.0795572  -0.00860669 -0.14139116 -0.14437981]]
7800 0.369251 [[ 0.09675383 -0.16040014 -0.06529868 -0.16898935  0.58871996]
 [-0.15649007  0.67651498 -0.05339348  0.13766256  0.05133998]
 [ 0.54544961  0.17943266 -0.31745589  0.27243724  0.18430586]
 [ 0.18379894  0.07866056 -0.36959302  0.43243021  0.28092983]] [[-0.1459928  -0.50034499  0.29539445 -0.27759561  0.43805641 -0.30184126
  -0.27995965 -0.37206069 -0.18968785 -0.33105591]
 [-0.17022236 -0.17905396 -0.36284322 -0.5094924   0.06335653  0.4446393
   0.49604774 -0.44129023 -0.25198591  0.57024312]
 [ 0.08870125 -0.38276637 -0.35172284  0.49630666 -0.32275379  0.0495863
  -0.22863209  0.33031511 -0.41329372 -0.0589689 ]
 [-0.33898044  0.4475871   0.02226616 -0.01013665  0.03276153  0.22807838
  -0.44637039  0.33272243 -0.39239442  0.26168242]
 [ 0.05075883 -0.03080564  0.00396282  0.34993309  0.17270409 -0.29287195
   0.07997463 -0.0085888  -0.14139116 -0.14435357]]
8000 0.367991 [[ 0.09555419 -0.16083781 -0.06529868 -0.16935578  0.5875504 ]
 [-0.15776485  0.67514312 -0.05339348  0.13701983  0.0503856 ]
 [ 0.54367673  0.17901982 -0.31745589  0.27132115  0.18129742]
 [ 0.18351719  0.07705716 -0.36959302  0.43253225  0.28079379]] [[-0.14601491 -0.50294405  0.29279441 -0.27717739  0.4361411  -0.30059186
  -0.28286582 -0.37204421 -0.18968785 -0.33167157]
 [-0.17022236 -0.17937782 -0.35884815 -0.51060516  0.06229662  0.44330552
   0.49845558 -0.44128427 -0.25198591  0.57236648]
 [ 0.08870125 -0.38276637 -0.35172284  0.49630666 -0.32275379  0.0495863
  -0.22863209  0.33031511 -0.41329372 -0.0589689 ]
 [-0.33898044  0.44935489  0.02170375 -0.01249098  0.03306036  0.22518335
  -0.44650486  0.33274925 -0.39239442  0.26167026]
 [ 0.05068833 -0.03281223  0.00382086  0.35021579  0.1718052  -0.29311749
   0.08016113 -0.00857121 -0.14139116 -0.14360236]]
8200 0.36763 [[ 0.09263801 -0.16044706 -0.06529868 -0.17064118  0.58582455]
 [-0.15822597  0.67441362 -0.05339348  0.13587622  0.04962672]
 [ 0.54213297  0.17823042 -0.31745589  0.2708362   0.17789634]
 [ 0.18412302  0.07556583 -0.36959302  0.43214199  0.2809808 ]] [[-0.14604659 -0.50541556  0.28934008 -0.27730477  0.43364799 -0.29997313
  -0.2868337  -0.37204492 -0.18968785 -0.3320598 ]
 [-0.17022236 -0.17905822 -0.35489646 -0.51094157  0.06279198  0.4436956
   0.50150412 -0.44128224 -0.25198591  0.5737499 ]
 [ 0.08870125 -0.38276637 -0.35172284  0.49630666 -0.32275379  0.0495863
  -0.22863209  0.33031511 -0.41329372 -0.0589689 ]
 [-0.33898044  0.45166433  0.01987671 -0.01538541  0.03483775  0.2224358
  -0.44687486  0.33275232 -0.39239442  0.26026213]
 [ 0.05058936 -0.03442892  0.00342586  0.35065681  0.17008439 -0.29275483
   0.08080471 -0.00857538 -0.14139116 -0.14246006]]
8400 0.366334 [[ 0.09071657 -0.16057888 -0.06529868 -0.17049427  0.58510619]
 [-0.15767179  0.67342931 -0.05339348  0.13578293  0.04923976]
 [ 0.54135054  0.17778188 -0.31745589  0.26989207  0.17493506]
 [ 0.18394344  0.07452003 -0.36959302  0.432935    0.28032869]] [[-0.14610319 -0.5080598   0.28622064 -0.27762043  0.43117848 -0.30002776
  -0.29050809 -0.37206742 -0.18968785 -0.33169496]
 [-0.17022236 -0.1794012  -0.35040763 -0.51095849  0.0632422   0.44484848
   0.50515336 -0.44128695 -0.25198591  0.57430297]
 [ 0.08870125 -0.38276637 -0.35172284  0.49630666 -0.32275379  0.0495863
  -0.22863209  0.33031511 -0.41329372 -0.0589689 ]
 [-0.33898044  0.45328185  0.01894906 -0.01763636  0.03633934  0.2215113
  -0.4475348   0.33272201 -0.39239442  0.25902289]
 [ 0.0504144  -0.03611979  0.00328688  0.35115075  0.16888346 -0.29340976
   0.08179241 -0.00860833 -0.14139116 -0.14092693]]
8600 0.365369 [[ 0.0886904  -0.160715   -0.06529868 -0.17038636  0.58447349]
 [-0.15658239  0.67194605 -0.05339348  0.13566265  0.0489055 ]
 [ 0.54057825  0.17763758 -0.31745589  0.26884881  0.17174405]
 [ 0.18347828  0.07328647 -0.36959302  0.43340904  0.27953139]] [[-0.14615533 -0.51054889  0.28303713 -0.27821913  0.4285689  -0.29996911
  -0.29398051 -0.37209827 -0.18968785 -0.33137247]
 [-0.17022139 -0.17992109 -0.34630606 -0.51119626  0.06331158  0.44576862
   0.50857437 -0.44129291 -0.25198591  0.57424414]
 [ 0.08870125 -0.38276637 -0.35172284  0.49630666 -0.32275379  0.0495863
  -0.22863209  0.33031511 -0.41329372 -0.0589689 ]
 [-0.33898044  0.45459813  0.01782081 -0.01967994  0.03751593  0.22123513
  -0.44830099  0.33267906 -0.39239442  0.2571173 ]
 [ 0.05025285 -0.03753026  0.00288441  0.35141921  0.16753058 -0.29420581
   0.08298214 -0.00865182 -0.14139116 -0.13971904]]
8800 0.365024 [[ 0.08708625 -0.16026977 -0.06529868 -0.16992682  0.58333272]
 [-0.15437239  0.67060798 -0.05339348  0.13597456  0.04838796]
 [ 0.54021496  0.17721845 -0.31745589  0.26743168  0.16865247]
 [ 0.18131107  0.07203677 -0.36959302  0.4333297   0.2787616 ]] [[-0.1462096  -0.51323229  0.27999505 -0.27829623  0.4261018  -0.29950565
  -0.29703003 -0.37213087 -0.18968785 -0.33135656]
 [-0.17021997 -0.18011279 -0.34342089 -0.51199478  0.06426346  0.44634891
   0.51181173 -0.44129887 -0.25198591  0.57348764]
 [ 0.08870125 -0.38276637 -0.35172284  0.49630666 -0.32275379  0.0495863
  -0.22863209  0.33031511 -0.41329372 -0.0589689 ]
 [-0.33898044  0.45526809  0.01695195 -0.02056242  0.03794772  0.22078077
  -0.4488245   0.33263275 -0.39239442  0.25616041]
 [ 0.05008337 -0.03907633  0.00137085  0.3512255   0.16615565 -0.29510078
   0.08417749 -0.00869822 -0.14139116 -0.13885036]]
9000 0.365543 [[ 0.08493623 -0.16081131 -0.06529868 -0.16976981  0.58224738]
 [-0.15200566  0.66924232 -0.05339348  0.13587029  0.04780178]
 [ 0.53936321  0.17720832 -0.31745589  0.2653144   0.16578875]
 [ 0.17936082  0.07124867 -0.36959302  0.4328976   0.27740219]] [[-0.14627153 -0.51606458  0.27690864 -0.27793711  0.42383289 -0.29818454
  -0.29945287 -0.37215251 -0.18968785 -0.33185458]
 [-0.17021871 -0.18105358 -0.34136042 -0.51317716  0.06601617  0.44714183
   0.51478219 -0.44130138 -0.25198591  0.57222235]
 [ 0.08870125 -0.38276637 -0.35172284  0.49630666 -0.32275379  0.0495863
  -0.22863209  0.33031511 -0.41329372 -0.0589689 ]
 [-0.33898044  0.45529473  0.017246   -0.02162793  0.03839941  0.22078367
  -0.44887733  0.33260339 -0.39239442  0.25545508]
 [ 0.04988784 -0.04105024 -0.00097542  0.35097662  0.16386637 -0.29647237
   0.08469246 -0.00873044 -0.14139116 -0.13815691]]
9200 0.364537 [[ 0.08439479 -0.16090538 -0.06529868 -0.16950586  0.58174348]
 [-0.14891909  0.66841477 -0.05339348  0.13523743  0.04737923]
 [ 0.53697532  0.17682806 -0.31745589  0.26415062  0.1627655 ]
 [ 0.17630625  0.06924804 -0.36959302  0.43269172  0.2750802 ]] [[-0.14634149 -0.51736754  0.27541259 -0.27734053  0.42112809 -0.29655272
  -0.30135471 -0.3721725  -0.18968785 -0.33204058]
 [-0.17021722 -0.18497033 -0.33775428 -0.51377195  0.06750722  0.44849804
   0.51764542 -0.44130152 -0.25198591  0.57149339]
 [ 0.08870125 -0.38276637 -0.35172284  0.49630666 -0.32275379  0.0495863
  -0.22863209  0.33031511 -0.41329372 -0.0589689 ]
 [-0.33898044  0.45652175  0.01803006 -0.02364623  0.03725996  0.22025399
  -0.4490557   0.33257803 -0.39239442  0.25426373]
 [ 0.04966495 -0.04510234 -0.00288285  0.35121742  0.16112173 -0.29792941
   0.0851859  -0.00876382 -0.14139116 -0.13723443]]
9400 0.363428 [[ 0.08454815 -0.16106839 -0.06529868 -0.16880804  0.58111274]
 [-0.14794147  0.66695994 -0.05339348  0.13518402  0.04636239]
 [ 0.53402632  0.17745817 -0.31745589  0.26289287  0.15930909]
 [ 0.17388731  0.0670549  -0.36959302  0.43200114  0.27369884]] [[-0.14640571 -0.5187276   0.27373335 -0.27674082  0.41958588 -0.29379573
  -0.30268437 -0.37219974 -0.18968785 -0.33275983]
 [-0.17021573 -0.18819822 -0.33443466 -0.51434207  0.06743467  0.44982871
   0.51987672 -0.44130048 -0.25198591  0.57110858]
 [ 0.08870125 -0.38276637 -0.35172284  0.49630666 -0.32275379  0.0495863
  -0.22863209  0.33031511 -0.41329372 -0.0589689 ]
 [-0.33898044  0.45810834  0.01899267 -0.02607013  0.03595638  0.21817517
  -0.44858569  0.3325454  -0.39239442  0.2539309 ]
 [ 0.04945914 -0.04837364 -0.00498125  0.35109168  0.16008298 -0.29932624
   0.08529197 -0.00881428 -0.14139116 -0.13619126]]
9600 0.361553 [[ 0.08398125 -0.16154528 -0.06529868 -0.16813931  0.58078843]
 [-0.14752279  0.66480142 -0.05339348  0.13513856  0.04523445]
 [ 0.53085279  0.17726636 -0.31745589  0.26135951  0.15582708]
 [ 0.17241456  0.06575787 -0.36959302  0.43149486  0.27293119]] [[-0.14645562 -0.52032822  0.27215242 -0.27542824  0.4181866  -0.28936046
  -0.30394101 -0.37222713 -0.18968785 -0.33484468]
 [-0.17021424 -0.19043303 -0.32861054 -0.51508892  0.06656832  0.45096651
   0.52270418 -0.4412975  -0.25198591  0.57109386]
 [ 0.08870125 -0.38276637 -0.35172284  0.49630666 -0.32275379  0.0495863
  -0.22863209  0.33031511 -0.41329372 -0.0589689 ]
 [-0.33898044  0.45987162  0.02094362 -0.02866139  0.03533021  0.21613838
  -0.44760266  0.33251494 -0.39239442  0.25365865]
 [ 0.04929288 -0.0507712  -0.00718887  0.35107699  0.15930177 -0.30127254
   0.08527579 -0.00886328 -0.14139116 -0.13471124]]
9800 0.360684 [[ 0.08373469 -0.16096783 -0.06529868 -0.16728351  0.57985234]
 [-0.14635807  0.662521   -0.05339348  0.13482854  0.04443262]
 [ 0.52907723  0.1766306  -0.31745589  0.25836602  0.1541471 ]
 [ 0.1706232   0.06544561 -0.36959302  0.43270022  0.27211612]] [[-0.14650147 -0.52233672  0.27020428 -0.27405548  0.41688442 -0.28688526
  -0.30494979 -0.37226903 -0.18968785 -0.33622634]
 [-0.17021249 -0.19247045 -0.32284635 -0.51580215  0.0664655   0.45132691
   0.52579564 -0.44129771 -0.25198591  0.57082337]
 [ 0.08870125 -0.38276637 -0.35172284  0.49630666 -0.32275379  0.0495863
  -0.22863209  0.33031511 -0.41329372 -0.0589689 ]
 [-0.33898044  0.46100461  0.02026181 -0.03050305  0.03529346  0.2140186
  -0.44779304  0.33246171 -0.39239442  0.25320485]
 [ 0.04913916 -0.05365201 -0.00860626  0.35111356  0.15874042 -0.30226582
   0.0845533  -0.00893463 -0.14139116 -0.13202074]]
10000 0.358968 [[ 0.08320948 -0.16086844 -0.06529868 -0.1668006   0.57856941]
 [-0.14556588  0.66013134 -0.05339348  0.1348304   0.04329797]
 [ 0.52772081  0.17552459 -0.31745589  0.25619373  0.15180527]
 [ 0.16811125  0.06423276 -0.36959302  0.43299106  0.27162668]] [[-0.14654322 -0.5241881   0.27077708 -0.27291802  0.41501132 -0.28515065
  -0.30608848 -0.37234625 -0.18968785 -0.33622918]
 [-0.17020996 -0.19398218 -0.31585994 -0.51681024  0.06614467  0.45117211
   0.52894962 -0.44130474 -0.25198591  0.57141948]
 [ 0.08870125 -0.38276637 -0.35172284  0.49630666 -0.32275379  0.0495863
  -0.22863209  0.33031511 -0.41329372 -0.0589689 ]
 [-0.33898044  0.46253929  0.0199321  -0.03219908  0.03497218  0.21157603
  -0.44781724  0.33235723 -0.39239442  0.25259995]
 [ 0.04899912 -0.0556831  -0.00914001  0.35088262  0.15778826 -0.30302688
   0.08444418 -0.00906399 -0.14139116 -0.13035007]]
10200 0.360964 [[ 0.08186593 -0.16168742 -0.06529868 -0.16597515  0.57759631]
 [-0.14526403  0.65939945 -0.05339348  0.13442902  0.0422485 ]
 [ 0.52488881  0.17516482 -0.31745589  0.25424364  0.14903867]
 [ 0.16610128  0.06326604 -0.36959302  0.43251541  0.27057961]] [[-0.14660096 -0.52626055  0.267465   -0.27169505  0.41309935 -0.28293687
  -0.30824301 -0.37243113 -0.18968785 -0.33707833]
 [-0.17020822 -0.19633479 -0.31608361 -0.51830441  0.06691765  0.45126137
   0.53129888 -0.44130817 -0.25198591  0.57038707]
 [ 0.08870125 -0.38276637 -0.35172284  0.49630666 -0.32275379  0.0495863
  -0.22863209  0.33031511 -0.41329372 -0.0589689 ]
 [-0.33898044  0.46343964  0.01863621 -0.03351234  0.03613785  0.21145049
  -0.44749504  0.33224627 -0.39239442  0.25097927]
 [ 0.04880465 -0.05698574 -0.01291364  0.3502095   0.15731362 -0.30414656
   0.0848574  -0.0092121  -0.14139116 -0.13063586]]
10400 0.357189 [[ 0.08064969 -0.16227931 -0.06529868 -0.16568094  0.57651126]
 [-0.14501211  0.65769976 -0.05339348  0.1343223   0.04093757]
 [ 0.52176982  0.17354167 -0.31745589  0.25326061  0.14485039]
 [ 0.16523676  0.06079642 -0.36959302  0.43126822  0.26945168]] [[-0.14666274 -0.52819228  0.26731637 -0.27071279  0.41026762 -0.28008139
  -0.31065857 -0.37256518 -0.18968785 -0.3372961 ]
 [-0.17020673 -0.19831683 -0.31293496 -0.51960152  0.06656612  0.45048496
   0.53287417 -0.44131857 -0.25198591  0.57141399]
 [ 0.08870125 -0.38276637 -0.35172284  0.49630666 -0.32275379  0.0495863
  -0.22863209  0.33031511 -0.41329372 -0.0589689 ]
 [-0.33898044  0.4646678   0.02168937 -0.03494739  0.03677887  0.21148755
  -0.44676423  0.33206481 -0.39239442  0.24977069]
 [ 0.0485942  -0.0576429  -0.0132564   0.34927523  0.15773241 -0.30540588
   0.08591398 -0.00944781 -0.14139116 -0.12972139]]
10600 0.357651 [[ 0.07988116 -0.16278745 -0.06529868 -0.16570395  0.57553607]
 [-0.14465506  0.65579599 -0.05339348  0.13459317  0.03925996]
 [ 0.51825762  0.17337641 -0.31745589  0.25146756  0.14033811]
 [ 0.16388133  0.05922049 -0.36959302  0.43032911  0.26905027]] [[-0.14671794 -0.53052181  0.26450321 -0.26949757  0.4082405  -0.27537248
  -0.31249297 -0.37271616 -0.18968785 -0.33931029]
 [-0.17020524 -0.20084086 -0.31154305 -0.52075654  0.06599521  0.45088255
   0.53348386 -0.44133219 -0.25198591  0.57162952]
 [ 0.08870125 -0.38276637 -0.35172284  0.49630666 -0.32275379  0.0495863
  -0.22863209  0.33031511 -0.41329372 -0.0589689 ]
 [-0.33898044  0.46511519  0.0204381  -0.03641931  0.03712163  0.2107795
  -0.44725075  0.33185646 -0.39239442  0.24892516]
 [ 0.0484048  -0.05845001 -0.01545401  0.34817684  0.158886   -0.30642313
   0.08730347 -0.00970826 -0.14139116 -0.12968871]]
10800 0.357261 [[ 0.07943566 -0.16333197 -0.06529868 -0.16546036  0.57458699]
 [-0.14455125  0.65393811 -0.05339348  0.13480245  0.03762383]
 [ 0.514633    0.17268933 -0.31745589  0.2494469   0.13614838]
 [ 0.16202228  0.05888198 -0.36959302  0.42998752  0.26738083]] [[-0.14676569 -0.53310621  0.26252159 -0.26805481  0.40562806 -0.27098107
  -0.31440565 -0.37287751 -0.18968785 -0.34049195]
 [-0.17020375 -0.20353116 -0.31040382 -0.52180243  0.06476229  0.45107982
   0.53422052 -0.44134858 -0.25198591  0.5719254 ]
 [ 0.08870125 -0.38276637 -0.35172284  0.49630666 -0.32275379  0.0495863
  -0.22863209  0.33031511 -0.41329372 -0.0589689 ]
 [-0.33898044  0.46499956  0.02147057 -0.03728605  0.03676954  0.21159066
  -0.44744983  0.33162948 -0.39239442  0.24894595]
 [ 0.04824053 -0.0596025  -0.01711421  0.34750456  0.16047944 -0.30591676
   0.0884499  -0.00998361 -0.14139116 -0.12961207]]
11000 0.356831 [[ 0.07895466 -0.16678718 -0.06529868 -0.16645366  0.57483286]
 [-0.14322169  0.65181714 -0.05339348  0.13540818  0.03688252]
 [ 0.50823063  0.17516524 -0.31745589  0.24997787  0.12756047]
 [ 0.15744023  0.05969324 -0.36959302  0.43113676  0.26293349]] [[-0.14682814 -0.53643447  0.26233038 -0.26547071  0.40177545 -0.25791657
  -0.31645223 -0.37302664 -0.18968785 -0.34297702]
 [-0.17020282 -0.20752567 -0.30937079 -0.52329779  0.06385715  0.45015904
   0.53423411 -0.44136447 -0.25198591  0.57456285]
 [ 0.08870125 -0.38276637 -0.35172284  0.49630666 -0.32275379  0.0495863
  -0.22863209  0.33031511 -0.41329372 -0.0589689 ]
 [-0.33898044  0.46314213  0.02583476 -0.03555329  0.03678576  0.22130671
  -0.44849491  0.3314172  -0.39239442  0.25045609]
 [ 0.04802462 -0.06175899 -0.02270311  0.34608772  0.15843861 -0.30581805
   0.09053525 -0.01023952 -0.14139116 -0.13368687]]
11200 0.356332 [[ 0.07791778 -0.17013614 -0.06529868 -0.16728254  0.57525128]
 [-0.1424641   0.65119481 -0.05339348  0.13673133  0.03508348]
 [ 0.50314993  0.17500578 -0.31745589  0.24933998  0.12050194]
 [ 0.15611051  0.05834243 -0.36959302  0.43032804  0.26157364]] [[-0.14695571 -0.53934747  0.26204884 -0.26314485  0.39789373 -0.2490765
  -0.31804979 -0.37316456 -0.18968785 -0.34598467]
 [-0.17021053 -0.20972496 -0.30676371 -0.52488059  0.06364909  0.45087385
   0.53549021 -0.44137213 -0.25198591  0.57643282]
 [ 0.08870125 -0.38276637 -0.35172284  0.49630666 -0.32275379  0.0495863
  -0.22863209  0.33031511 -0.41329372 -0.0589689 ]
 [-0.33898044  0.46279466  0.0274804  -0.0360781   0.03793523  0.22522233
  -0.44888422  0.33122492 -0.39239442  0.25043538]
 [ 0.04756126 -0.06258399 -0.0263072   0.3441245   0.15721451 -0.31001139
   0.09304707 -0.01048434 -0.14139116 -0.13535708]]
11400 0.356614 [[ 0.07739409 -0.17257792 -0.06529868 -0.16772561  0.57487309]
 [-0.14172442  0.65044564 -0.05339348  0.13722946  0.03281657]
 [ 0.49865767  0.17413269 -0.31745589  0.24819551  0.11504201]
 [ 0.15482877  0.05575579 -0.36959302  0.42940471  0.26131922]] [[-0.14712027 -0.54231608  0.26046443 -0.26006758  0.39518523 -0.24251185
  -0.32000574 -0.37330884 -0.18968785 -0.34773213]
 [-0.17022967 -0.21184137 -0.30543143 -0.52676874  0.06301202  0.45070928
   0.53640133 -0.44137555 -0.25198591  0.57763886]
 [ 0.08870125 -0.38276637 -0.35172284  0.49630666 -0.32275379  0.0495863
  -0.22863209  0.33031511 -0.41329372 -0.0589689 ]
 [-0.33898044  0.46246219  0.02839855 -0.03609606  0.03906553  0.22637729
  -0.4493646   0.33102772 -0.39239442  0.25133893]
 [ 0.04693688 -0.06299424 -0.03012623  0.34235531  0.15781857 -0.31314915
   0.0948984  -0.0107485  -0.14139116 -0.13692296]]
11600 0.353406 [[ 0.07815853 -0.17469528 -0.06529868 -0.16749765  0.57402122]
 [-0.14078316  0.64921004 -0.05339348  0.13798532  0.03041358]
 [ 0.49514967  0.17409807 -0.31745589  0.2469641   0.10951851]
 [ 0.15319972  0.05482714 -0.36959302  0.42900547  0.2608752 ]] [[-0.14729939 -0.54516107  0.2605435  -0.2575461   0.3933776  -0.23531204
  -0.32051763 -0.37351456 -0.18968785 -0.34967443]
 [-0.17024754 -0.21344653 -0.30319184 -0.52834994  0.06185957  0.45065132
   0.5374608  -0.44139406 -0.25198591  0.57914418]
 [ 0.08870125 -0.38276637 -0.35172284  0.49630666 -0.32275379  0.0495863
  -0.22863209  0.33031511 -0.41329372 -0.0589689 ]
 [-0.33898044  0.46251217  0.02927968 -0.03654895  0.04043688  0.22744028
  -0.449287    0.33073363 -0.39239442  0.25284478]
 [ 0.04626908 -0.06329595 -0.02986893  0.34016252  0.15945998 -0.31515995
   0.0979792  -0.01112285 -0.14139116 -0.13767532]]
11800 0.35249 [[ 0.07738787 -0.17767748 -0.06529868 -0.16735025  0.57363862]
 [-0.14063779  0.6480552  -0.05339348  0.13853155  0.02774568]
 [ 0.49111748  0.17234693 -0.31745589  0.24583758  0.10399489]
 [ 0.1515342   0.05270906 -0.36959302  0.42762369  0.25980586]] [[-0.14746068 -0.54838169  0.2595844  -0.25412583  0.39100736 -0.22889353
  -0.32243457 -0.37375173 -0.18968785 -0.35106212]
 [-0.1702643  -0.21507385 -0.30235657 -0.53011692  0.06006294  0.45028409
   0.53842592 -0.44142494 -0.25198591  0.58008665]
 [ 0.08870125 -0.38276637 -0.35172284  0.49630666 -0.32275379  0.0495863
  -0.22863209  0.33031511 -0.41329372 -0.0589689 ]
 [-0.33898044  0.46200398  0.031896   -0.03648676  0.04099212  0.22875012
  -0.44922772  0.3303819  -0.39239442  0.25449589]
 [ 0.04565983 -0.06354375 -0.03423956  0.33831248  0.16000319 -0.31797263
   0.10008316 -0.01154685 -0.14139116 -0.14020374]]
12000 0.352468 [[ 0.07824551 -0.18125908 -0.06529868 -0.16707425  0.57453877]
 [-0.14001317  0.64611727 -0.05339348  0.14015289  0.02611373]
 [ 0.4868578   0.17495316 -0.31745589  0.24571633  0.09701272]
 [ 0.14967139  0.05189613 -0.36959302  0.42693406  0.25767741]] [[-0.14762594 -0.55232519  0.25934353 -0.25076494  0.38943321 -0.21852629
  -0.32342437 -0.37403062 -0.18968785 -0.3523598 ]
 [-0.17028007 -0.21609403 -0.30117592 -0.53219664  0.05876281  0.44926363
   0.53963411 -0.4414686  -0.25198591  0.58173883]
 [ 0.08870125 -0.38276637 -0.35172284  0.49630666 -0.32275379  0.0495863
  -0.22863209  0.33031511 -0.41329372 -0.0589689 ]
 [-0.33898044  0.46071076  0.03324226 -0.03579655  0.04202018  0.23451139
  -0.44961879  0.32995701 -0.39239442  0.25540024]
 [ 0.04503012 -0.06417467 -0.03747655  0.33583957  0.16096127 -0.3210972
   0.10328917 -0.01204373 -0.14139116 -0.14329103]]
12200 0.350255 [[ 0.07847746 -0.18413845 -0.06529868 -0.1669104   0.57556617]
 [-0.13980907  0.64422029 -0.05339348  0.14299697  0.0235625 ]
 [ 0.48239776  0.17598893 -0.31745589  0.24530777  0.09058224]
 [ 0.14875185  0.05013337 -0.36959302  0.42492202  0.25719252]] [[-0.1477761  -0.55571657  0.26004487 -0.24759026  0.38691288 -0.21068925
  -0.3237353  -0.37432671 -0.18968785 -0.35328922]
 [-0.17029406 -0.2166425  -0.29947796 -0.53400999  0.05623388  0.44911489
   0.54033267 -0.44151726 -0.25198591  0.58329117]
 [ 0.08870125 -0.38276637 -0.35172284  0.49630666 -0.32275379  0.0495863
  -0.22863209  0.33031511 -0.41329372 -0.0589689 ]
 [-0.33898044  0.46019888  0.03451921 -0.03630156  0.04210585  0.2366102
  -0.44980282  0.32950023 -0.39239442  0.25653788]
 [ 0.04444296 -0.06441342 -0.04149082  0.33308929  0.16168658 -0.32565114
   0.10691454 -0.01256975 -0.14139116 -0.14616697]]
12400 0.348602 [[ 0.07730222 -0.18792666 -0.06529868 -0.16735058  0.57559931]
 [-0.13943775  0.64290994 -0.05339348  0.14484091  0.02054777]
 [ 0.4790611   0.17745669 -0.31745589  0.24521203  0.0841288 ]
 [ 0.14849955  0.04718588 -0.36959302  0.42182803  0.25692466]] [[-0.14791743 -0.55902135  0.25897124 -0.24479087  0.38478252 -0.20201442
  -0.32489792 -0.37461904 -0.18968785 -0.35556307]
 [-0.17030752 -0.21728572 -0.29673198 -0.5357365   0.05477696  0.45006466
   0.54106265 -0.44156793 -0.25198591  0.58517635]
 [ 0.08870125 -0.38276637 -0.35172284  0.49630666 -0.32275379  0.0495863
  -0.22863209  0.33031511 -0.41329372 -0.0589689 ]
 [-0.33898044  0.45971256  0.03575196 -0.03806493  0.04203122  0.23783967
  -0.44972658  0.32904008 -0.39239442  0.25671154]
 [ 0.04386758 -0.0644785  -0.04336321  0.33165124  0.16101816 -0.32801411
   0.10944009 -0.01308245 -0.14139116 -0.14842752]]
12600 0.347881 [[ 0.07599283 -0.19179468 -0.06529868 -0.16791783  0.57555342]
 [-0.13884343  0.64246505 -0.05339348  0.1458768   0.01774378]
 [ 0.47586119  0.17833686 -0.31745589  0.24466655  0.07739685]
 [ 0.14769678  0.04447496 -0.36959302  0.41873884  0.25656682]] [[-0.14810693 -0.56193459  0.25911212 -0.24230698  0.38261339 -0.19396141
  -0.32570776 -0.37490949 -0.18968785 -0.35726252]
 [-0.17032059 -0.21773811 -0.29567954 -0.53764111  0.05429327  0.45110109
   0.54214519 -0.44161627 -0.25198591  0.5865469 ]
 [ 0.08870125 -0.38276637 -0.35172284  0.49630666 -0.32275379  0.0495863
  -0.22863209  0.33031511 -0.41329372 -0.0589689 ]
 [-0.33898044  0.45979816  0.03542355 -0.04151575  0.0416857   0.23695765
  -0.44975293  0.32858172 -0.39239442  0.25729191]
 [ 0.04310267 -0.06408122 -0.04624715  0.33001867  0.16126831 -0.33085302
   0.11158738 -0.01358974 -0.14139116 -0.14987144]]
12800 0.346232 [[ 0.07534613 -0.19492653 -0.06529868 -0.16824427  0.57519042]
 [-0.13891385  0.64269316 -0.05339348  0.14727379  0.01467355]
 [ 0.47481552  0.17719917 -0.31745589  0.24232809  0.07323653]
 [ 0.14617588  0.04022726 -0.36959302  0.41573122  0.25479656]] [[-0.14835092 -0.56472236  0.25915638 -0.24037108  0.38140547 -0.1889407
  -0.32613516 -0.37520355 -0.18968785 -0.35939911]
 [-0.17033133 -0.2176767  -0.29447207 -0.53957266  0.05393839  0.45081264
   0.54340684 -0.44166303 -0.25198591  0.58866668]
 [ 0.08870125 -0.38276637 -0.35172284  0.49630666 -0.32275379  0.0495863
  -0.22863209  0.33031511 -0.41329372 -0.0589689 ]
 [-0.33898044  0.45999819  0.03542359 -0.04444395  0.04067383  0.23684545
  -0.44956118  0.32811627 -0.39239442  0.25614154]
 [ 0.04213601 -0.06457554 -0.0487248   0.32888377  0.16113228 -0.33245248
   0.11320945 -0.01410211 -0.14139116 -0.15148886]]
13000 0.345751 [[ 0.07397446 -0.19857894 -0.06529868 -0.16963543  0.57500917]
 [-0.13983601  0.64222151 -0.05339348  0.14929706  0.01097498]
 [ 0.47500515  0.17696485 -0.31745589  0.24056675  0.0676396 ]
 [ 0.14545165  0.03533308 -0.36959302  0.41127619  0.25465864]] [[-0.14863169 -0.56765676  0.25741315 -0.23914401  0.38147798 -0.18207897
  -0.32685137 -0.37548143 -0.18968785 -0.36377534]
 [-0.17034099 -0.21677302 -0.29013187 -0.54160035  0.05356668  0.45133397
   0.54512608 -0.4416993  -0.25198591  0.59122044]
 [ 0.08870125 -0.38276637 -0.35172284  0.49630666 -0.32275379  0.0495863
  -0.22863209  0.33031511 -0.41329372 -0.0589689 ]
 [-0.33898044  0.46021616  0.03710689 -0.04662486  0.04201491  0.23795611
  -0.44846925  0.32768279 -0.39239442  0.25454369]
 [ 0.04101491 -0.06545594 -0.05264509  0.32771099  0.15982199 -0.33515483
   0.11531556 -0.01458878 -0.14139116 -0.1545551 ]]
13200 0.34536 [[ 0.07157269 -0.20166796 -0.06529868 -0.17018907  0.57413697]
 [-0.14074504  0.64155149 -0.05339348  0.15032797  0.00804993]
 [ 0.47439119  0.17714889 -0.31745589  0.23866028  0.06215357]
 [ 0.14412293  0.03256325 -0.36959302  0.4096216   0.25237954]] [[-0.14892995 -0.57053196  0.25606617 -0.23728852  0.38245249 -0.17430861
  -0.32733834 -0.37571552 -0.18968785 -0.36697513]
 [-0.17034793 -0.21632232 -0.28796768 -0.54367226  0.05392942  0.45035121
   0.54700667 -0.44171384 -0.25198591  0.59342581]
 [ 0.08870125 -0.38276637 -0.35172284  0.49630666 -0.32275379  0.0495863
  -0.22863209  0.33031511 -0.41329372 -0.0589689 ]
 [-0.33898044  0.45993188  0.0385346  -0.04864177  0.04444103  0.23938435
  -0.44847488  0.32732949 -0.39239442  0.25551286]
 [ 0.03979696 -0.0671643  -0.0554751   0.32661641  0.15725549 -0.33785981
   0.11698582 -0.01500314 -0.14139116 -0.15514033]]
13400 0.349281 [[ 0.07111087 -0.20307173 -0.06529868 -0.16941608  0.57348472]
 [-0.14090613  0.6415922  -0.05339348  0.15077144  0.0052036 ]
 [ 0.47402379  0.175429   -0.31745589  0.23542097  0.05777026]
 [ 0.14236748  0.03048789 -0.36959302  0.4093875   0.25055838]] [[-0.14923666 -0.57314241  0.25613964 -0.23517253  0.38357604 -0.16834837
  -0.32703906 -0.3759312  -0.18968785 -0.36988452]
 [-0.17035209 -0.21635102 -0.28722402 -0.54575318  0.05373212  0.44956565
   0.5495255  -0.44172117 -0.25198591  0.59384137]
 [ 0.08870125 -0.38276637 -0.35172284  0.49630666 -0.32275379  0.0495863
  -0.22863209  0.33031511 -0.41329372 -0.0589689 ]
 [-0.33898044  0.45933512  0.03747153 -0.04984835  0.04709354  0.24033725
  -0.44929621  0.32700449 -0.39239442  0.25654888]
 [ 0.03853567 -0.07011035 -0.05965471  0.32582366  0.1572331  -0.34043378
   0.11787435 -0.01538088 -0.14139116 -0.15478821]]
13600 0.339941 [[ 0.07167683 -0.20490059 -0.06529868 -0.16818599  0.57255071]
 [-0.14159086  0.64181435 -0.05339348  0.1514667   0.00250024]
 [ 0.47284266  0.17199893 -0.31745589  0.23303907  0.05327196]
 [ 0.14135049  0.02693646 -0.36959302  0.40919346  0.24867326]] [[-0.14945908 -0.57551187  0.26061749 -0.23216403  0.38362011 -0.16319993
  -0.32655418 -0.37615713 -0.18968785 -0.37109205]
 [-0.17035401 -0.21612106 -0.28554782 -0.54727894  0.05338622  0.44794005
   0.55226547 -0.44173133 -0.25198591  0.5956741 ]
 [ 0.08870125 -0.38276637 -0.35172284  0.49630666 -0.32275379  0.0495863
  -0.22863209  0.33031511 -0.41329372 -0.0589689 ]
 [-0.33898044  0.45906097  0.04019868 -0.05094242  0.04886073  0.23954669
  -0.44987905  0.32665691 -0.39239442  0.25940999]
 [ 0.03760791 -0.07340831 -0.05958068  0.32552847  0.15720974 -0.34303862
   0.11876394 -0.01577422 -0.14139116 -0.15333232]]
13800 0.341604 [[  7.15172663e-02  -2.06444696e-01  -6.52986765e-02  -1.66731164e-01
    5.71055293e-01]
 [ -1.42304391e-01   6.42849982e-01  -5.33934832e-02   1.51039243e-01
   -4.00643097e-04]
 [  4.70549732e-01   1.68648809e-01  -3.17455888e-01   2.29338691e-01
    4.84873652e-02]
 [  1.38669223e-01   2.38010921e-02  -3.69593024e-01   4.08428550e-01
    2.45974615e-01]] [[-0.1496408  -0.57768553  0.26179403 -0.2301316   0.38265759 -0.15846005
  -0.32623512 -0.37639651 -0.18968785 -0.37325838]
 [-0.17035428 -0.216546   -0.28770992 -0.549465    0.05301716  0.44677633
   0.55474031 -0.44174191 -0.25198591  0.59569931]
 [ 0.08870125 -0.38276637 -0.35172284  0.49630666 -0.32275379  0.0495863
  -0.22863209  0.33031511 -0.41329372 -0.0589689 ]
 [-0.33898044  0.45873049  0.03940613 -0.05307033  0.04935574  0.23869537
  -0.4504202   0.32628703 -0.39239442  0.26096907]
 [ 0.03684381 -0.07614357 -0.06434248  0.32340306  0.15653674 -0.34565791
   0.11886652 -0.01617865 -0.14139116 -0.15333603]]
14000 0.342297 [[ 0.07192287 -0.20851651 -0.06529868 -0.1648505   0.56901824]
 [-0.14738964  0.64336652 -0.05339348  0.15052597 -0.00309765]
 [ 0.46813959  0.16509226 -0.31745589  0.22519355  0.04349776]
 [ 0.1363176   0.02067742 -0.36959302  0.40777317  0.24337943]] [[-0.14978397 -0.58028549  0.26382533 -0.22903228  0.38193113 -0.15450282
  -0.32595262 -0.37653032 -0.18968785 -0.3747071 ]
 [-0.17035428 -0.21832764 -0.28912073 -0.55178642  0.05487571  0.44585735
   0.55638516 -0.44169432 -0.25198591  0.59545171]
 [ 0.08870125 -0.38276637 -0.35172284  0.49630666 -0.32275379  0.0495863
  -0.22863209  0.33031511 -0.41329372 -0.0589689 ]
 [-0.33898044  0.45689288  0.0386689  -0.05510745  0.05045645  0.23733774
  -0.4514991   0.32612556 -0.39239442  0.26383796]
 [ 0.03623591 -0.07923632 -0.06623086  0.3210184   0.15781307 -0.34744921
   0.1191849  -0.01637238 -0.14139116 -0.15264057]]
14200 0.338097 [[ 0.07199644 -0.21102849 -0.06529868 -0.16306001  0.56815201]
 [-0.15012656  0.64364964 -0.05339348  0.15040627 -0.00518618]
 [ 0.46737742  0.16107941 -0.31745589  0.22118671  0.03894338]
 [ 0.13473196  0.01703756 -0.36959302  0.40855929  0.24135607]] [[-0.14992994 -0.5825696   0.26623783 -0.22799028  0.38111886 -0.14956851
  -0.32520884 -0.37667805 -0.18968785 -0.37756473]
 [-0.17035428 -0.22027203 -0.28756383 -0.55399233  0.05701755  0.4449347
   0.55849046 -0.44164869 -0.25198591  0.59574145]
 [ 0.08870125 -0.38276637 -0.35172284  0.49630666 -0.32275379  0.0495863
  -0.22863209  0.33031511 -0.41329372 -0.0589689 ]
 [-0.33898044  0.45521861  0.03970469 -0.05669589  0.0524672   0.23704451
  -0.45248848  0.3259435  -0.39239442  0.26661843]
 [ 0.03561282 -0.08201042 -0.06745994  0.31989798  0.15911041 -0.34907946
   0.12029953 -0.01658342 -0.14139116 -0.15157378]]
14400 0.338757 [[ 0.07161455 -0.21289395 -0.06529868 -0.16201015  0.56695145]
 [-0.15155536  0.64436305 -0.05339348  0.14968465 -0.0077806 ]
 [ 0.46535251  0.15776964 -0.31745589  0.21888523  0.03405428]
 [ 0.13208136  0.01420673 -0.36959302  0.40763235  0.23947041]] [[-0.15004571 -0.58479321  0.26642299 -0.22792572  0.37957609 -0.14683989
  -0.32561037 -0.37669933 -0.18968785 -0.37832925]
 [-0.17035428 -0.22137325 -0.29094076 -0.55654156  0.0566324   0.44386122
   0.56002676 -0.44153088 -0.25198591  0.59506464]
 [ 0.08870125 -0.38276637 -0.35172284  0.49630666 -0.32275379  0.0495863
  -0.22863209  0.33031511 -0.41329372 -0.0589689 ]
 [-0.33898044  0.45363864  0.0405275  -0.05772134  0.05429243  0.23664659
  -0.45240733  0.32601789 -0.39239442  0.27049214]
 [ 0.03511715 -0.08515016 -0.07000069  0.31795481  0.15886299 -0.35088378
   0.12290478 -0.01651801 -0.14139116 -0.15139009]]
14600 0.336264 [[ 0.07138271 -0.2150384  -0.06529868 -0.16107839  0.56647527]
 [-0.15193528  0.64433545 -0.05339348  0.14983243 -0.00932339]
 [ 0.46357566  0.15532    -0.31745589  0.21655531  0.02951896]
 [ 0.13031697  0.01092197 -0.36959302  0.40762857  0.23773259]] [[-0.15005174 -0.58688396  0.26844877 -0.22740287  0.37852475 -0.14319614
  -0.32483557 -0.37672719 -0.18968785 -0.37893403]
 [-0.17035428 -0.22188492 -0.29208514 -0.55900115  0.05671051  0.44319257
   0.56145638 -0.44143364 -0.25198591  0.59491521]
 [ 0.08870125 -0.38276637 -0.35172284  0.49630666 -0.32275379  0.0495863
  -0.22863209  0.33031511 -0.41329372 -0.0589689 ]
 [-0.33898044  0.45250347  0.0417097  -0.05899118  0.0564658   0.23683494
  -0.45263427  0.3260631  -0.39239442  0.27373633]
 [ 0.03509122 -0.08828777 -0.07264622  0.31726477  0.16016106 -0.35187209
   0.12477417 -0.01643541 -0.14139116 -0.15054318]]
14800 0.338619 [[ 0.07189704 -0.21712875 -0.06529868 -0.16025373  0.56549686]
 [-0.15140624  0.64558935 -0.05339348  0.14975363 -0.01070882]
 [ 0.46062118  0.15274616 -0.31745589  0.21405979  0.02447998]
 [ 0.12780833  0.00858341 -0.36959302  0.40685898  0.23671176]] [[-0.15005532 -0.58884615  0.27027717 -0.2263353   0.3766785  -0.13846742
  -0.32339102 -0.3765997  -0.18968785 -0.38029972]
 [-0.17035428 -0.22297262 -0.2959435  -0.5620836   0.05587518  0.44339257
   0.5622893  -0.44126654 -0.25198591  0.59410489]
 [ 0.08870125 -0.38276637 -0.35172284  0.49630666 -0.32275379  0.0495863
  -0.22863209  0.33031511 -0.41329372 -0.0589689 ]
 [-0.33898044  0.45111203  0.04145479 -0.06058     0.05817982  0.23637395
  -0.45241448  0.32640579 -0.39239442  0.277381  ]
 [ 0.03507586 -0.09164569 -0.07493316  0.31551477  0.16153383 -0.35345238
   0.12714066 -0.0159832  -0.14139116 -0.14959915]]
15000 0.337558 [[ 0.07250837 -0.21894334 -0.06529868 -0.15941498  0.56431633]
 [-0.15120609  0.64649945 -0.05339348  0.14984466 -0.01145952]
 [ 0.45651871  0.14853965 -0.31745589  0.21109098  0.01921821]
 [ 0.12538345  0.0050684  -0.36959302  0.40698066  0.23542631]] [[-0.15005532 -0.59066898  0.27436721 -0.22552685  0.3735159  -0.13442138
  -0.3210873  -0.37599108 -0.18968785 -0.3815991 ]
 [-0.17035428 -0.22425164 -0.30040643 -0.56531143  0.0542429   0.44311407
   0.56250471 -0.44082609 -0.25198591  0.59353769]
 [ 0.08870125 -0.38276637 -0.35172284  0.49630666 -0.32275379  0.0495863
  -0.22863209  0.33031511 -0.41329372 -0.0589689 ]
 [-0.33898044  0.44986817  0.04151674 -0.06314056  0.05950138  0.23491237
  -0.45267528  0.32774404 -0.39239442  0.28099808]
 [ 0.03507586 -0.09545175 -0.07639286  0.31330383  0.1635534  -0.35544148
   0.12978539 -0.0145744  -0.14139116 -0.14809839]]
15200 0.334127 [[ 0.07268889 -0.22209254 -0.06529868 -0.15895602  0.56380475]
 [-0.15128638  0.64752519 -0.05339348  0.14963053 -0.01629591]
 [ 0.45223501  0.14459498 -0.31745589  0.20787846  0.01191988]
 [ 0.12340707  0.00147921 -0.36959302  0.40642831  0.2334778 ]] [[-0.15005532 -0.59271163  0.27824032 -0.2252249   0.3702952  -0.13208081
  -0.31908408 -0.37519661 -0.18968785 -0.38175866]
 [-0.17035428 -0.22561209 -0.30424327 -0.5684064   0.05327732  0.44191626
   0.56323266 -0.44002447 -0.25198591  0.59449106]
 [ 0.08870125 -0.38276637 -0.35172284  0.49630666 -0.32275379  0.0495863
  -0.22863209  0.33031511 -0.41329372 -0.0589689 ]
 [-0.33898044  0.44826943  0.04233107 -0.06570515  0.06154518  0.23494577
  -0.45174155  0.3298322  -0.39239442  0.28359997]
 [ 0.03507586 -0.09860715 -0.0786956   0.31184134  0.16607472 -0.35761011
   0.13153166 -0.01333489 -0.14139116 -0.14665486]]
15400 0.334713 [[ 0.07338094 -0.22391714 -0.06529868 -0.15817089  0.56491929]
 [-0.15115952  0.64681089 -0.05339348  0.15058751 -0.02320131]
 [ 0.44803271  0.14249091 -0.31745589  0.20379899  0.00274396]
 [ 0.12194085 -0.0007697  -0.36959302  0.40492359  0.23100376]] [[-0.15012203 -0.59476697  0.28021568 -0.22470392  0.36755058 -0.13067332
  -0.31578842 -0.3758823  -0.18968785 -0.38217559]
 [-0.1703556  -0.22596096 -0.3084009  -0.57074267  0.05301404  0.4404045
   0.56363666 -0.43967968 -0.25198591  0.59454197]
 [ 0.08870125 -0.38276637 -0.35172284  0.49630666 -0.32275379  0.0495863
  -0.22863209  0.33031511 -0.41329372 -0.0589689 ]
 [-0.33898044  0.4473176   0.04213895 -0.06739274  0.06315593  0.23586212
  -0.451074    0.32945195 -0.39239442  0.28538403]
 [ 0.03477981 -0.10075463 -0.08172865  0.31201231  0.16710734 -0.36042824
   0.13406818 -0.01660464 -0.14139116 -0.14587589]]
15600 0.330912 [[ 0.07422101 -0.22530046 -0.06529868 -0.1563285   0.56502175]
 [-0.1499424   0.64539093 -0.05339348  0.151825   -0.02916056]
 [ 0.44555566  0.13994019 -0.31745589  0.19923872 -0.00289784]
 [ 0.12052517 -0.00254069 -0.36959302  0.40325564  0.22851807]] [[-0.15020619 -0.59684873  0.28384519 -0.22435473  0.3653619  -0.12982927
  -0.31206554 -0.37640855 -0.18968785 -0.38255197]
 [-0.17035609 -0.22709364 -0.31194377 -0.57305253  0.05248316  0.4379141
   0.5634042  -0.43931457 -0.25198591  0.59516251]
 [ 0.08870125 -0.38276637 -0.35172284  0.49630666 -0.32275379  0.0495863
  -0.22863209  0.33031511 -0.41329372 -0.0589689 ]
 [-0.33898044  0.44579387  0.04404828 -0.06872039  0.06471732  0.23630339
  -0.44989571  0.32929522 -0.39239442  0.2876353 ]
 [ 0.03440881 -0.10260264 -0.0832479   0.31229571  0.16784076 -0.362331
   0.13622786 -0.01933832 -0.14139116 -0.14471944]]
15800 0.331861 [[ 0.07438045 -0.22542511 -0.06529868 -0.15546314  0.56396639]
 [-0.14939435  0.643915   -0.05339348  0.15268061 -0.0333192 ]
 [ 0.44281057  0.13737939 -0.31745589  0.19494087 -0.00639865]
 [ 0.11771118 -0.00332311 -0.36959302  0.40196344  0.22693209]] [[-0.15020619 -0.59864491  0.28607213 -0.22483322  0.36205372 -0.12865798
  -0.30943361 -0.37699875 -0.18968785 -0.38358364]
 [-0.17035609 -0.22771055 -0.31671715 -0.57524616  0.05134513  0.43603003
   0.5629248  -0.43900508 -0.25198591  0.59486938]
 [ 0.08870125 -0.38276637 -0.35172284  0.49630666 -0.32275379  0.0495863
  -0.22863209  0.33031511 -0.41329372 -0.0589689 ]
 [-0.33898044  0.44487435  0.04452351 -0.06977911  0.06631152  0.23640852
  -0.44918996  0.32897219 -0.39239442  0.29007465]
 [ 0.03440881 -0.1043069  -0.08619527  0.31270322  0.16744702 -0.36301836
   0.13776596 -0.02217572 -0.14139116 -0.14395672]]
16000 0.330667 [[ 0.07550069 -0.22589409 -0.06529868 -0.15455079  0.56260395]
 [-0.14767291  0.64230061 -0.05339348  0.15432478 -0.03581071]
 [ 0.44014433  0.13556413 -0.31745589  0.19094141 -0.00854552]
 [ 0.1155694  -0.0047582  -0.36959302  0.40048653  0.22624646]] [[-0.15020619 -0.6003139   0.29005852 -0.2253395   0.3586548  -0.12731557
  -0.30611736 -0.37737414 -0.18968785 -0.38430873]
 [-0.17035609 -0.22785677 -0.32169965 -0.57726979  0.04987194  0.43462378
   0.56193185 -0.43861863 -0.25198591  0.59504575]
 [ 0.08870125 -0.38276637 -0.35172284  0.49630666 -0.32275379  0.0495863
  -0.22863209  0.33031511 -0.41329372 -0.0589689 ]
 [-0.33898044  0.44422609  0.04565312 -0.07107056  0.06822608  0.23591112
  -0.44815415  0.32903942 -0.39239442  0.2925685 ]
 [ 0.03440881 -0.10570516 -0.08743731  0.31327572  0.16804442 -0.36344874
   0.13892755 -0.02443644 -0.14139116 -0.14332829]]
16200 0.332637 [[ 0.07553801 -0.22593564 -0.06529868 -0.15414692  0.56132954]
 [-0.1470658   0.64149076 -0.05339348  0.15492533 -0.03737191]
 [ 0.43701828  0.13427952 -0.31745589  0.18790475 -0.00998875]
 [ 0.11308793 -0.00563956 -0.36959302  0.39930463  0.22640327]] [[-0.15020619 -0.60191596  0.29282838 -0.22589105  0.35462072 -0.12502769
  -0.30377939 -0.37776336 -0.18968785 -0.38554969]
 [-0.17035609 -0.22823231 -0.32587224 -0.57893556  0.04877847  0.43374193
   0.56192231 -0.4382436  -0.25198591  0.59536892]
 [ 0.08870125 -0.38276637 -0.35172284  0.49630666 -0.32275379  0.0495863
  -0.22863209  0.33031511 -0.41329372 -0.0589689 ]
 [-0.33898044  0.44380349  0.04635071 -0.0726077   0.07069515  0.23481546
  -0.44745356  0.32907104 -0.39239442  0.29549807]
 [ 0.03440881 -0.10667261 -0.09021044  0.31384847  0.16690074 -0.3646912
   0.13988034 -0.02676005 -0.14139116 -0.14337893]]
16400 0.334174 [[ 0.07696002 -0.2256089  -0.06529868 -0.15391015  0.55943608]
 [-0.14628986  0.64043808 -0.05339348  0.15540569 -0.03801984]
 [ 0.4346506   0.13317861 -0.31745589  0.18572746 -0.01080697]
 [ 0.11025137 -0.00693197 -0.36959302  0.39754769  0.22688916]] [[-0.15020619 -0.6038143   0.29647195 -0.22554317  0.35110158 -0.12175363
  -0.30190101 -0.37809417 -0.18968785 -0.38648599]
 [-0.17035609 -0.22827406 -0.32881063 -0.58086056  0.0489406   0.43309695
   0.56226909 -0.43789124 -0.25198591  0.59533894]
 [ 0.08870125 -0.38276637 -0.35172284  0.49630666 -0.32275379  0.0495863
  -0.22863209  0.33031511 -0.41329372 -0.0589689 ]
 [-0.33898044  0.44306085  0.04648036 -0.07414519  0.07203032  0.23289995
  -0.44764286  0.32914677 -0.39239442  0.29823646]
 [ 0.03440881 -0.10834917 -0.09293619  0.31386405  0.16447242 -0.36613545
   0.13929459 -0.0289221  -0.14139116 -0.14368029]]
16600 0.3265 [[ 0.07804379 -0.22445409 -0.06529868 -0.15272802  0.55715847]
 [-0.14546904  0.63896471 -0.05339348  0.15649895 -0.03825984]
 [ 0.4331626   0.13063194 -0.31745589  0.18412246 -0.01026932]
 [ 0.10854603 -0.00841752 -0.36959302  0.39662051  0.2256562 ]] [[-0.15020619 -0.60574508  0.3011359  -0.22547865  0.34741449 -0.11831502
  -0.30045557 -0.37821344 -0.18968785 -0.38768935]
 [-0.17035609 -0.22858967 -0.33041266 -0.58252734  0.04973932  0.43200773
   0.56210989 -0.43757027 -0.25198591  0.59583437]
 [ 0.08870125 -0.38276637 -0.35172284  0.49630666 -0.32275379  0.0495863
  -0.22863209  0.33031511 -0.41329372 -0.0589689 ]
 [-0.33898044  0.4417752   0.04980048 -0.07560186  0.07292898  0.2317943
  -0.44798464  0.32948434 -0.39239442  0.30133718]
 [ 0.03440881 -0.11058555 -0.09397078  0.31384742  0.16204806 -0.36655432
   0.13865837 -0.0305132  -0.14139116 -0.14303836]]
16800 0.327338 [[ 0.07817519 -0.22440255 -0.06529868 -0.15276495  0.55469632]
 [-0.14615397  0.6367029  -0.05339348  0.15630743 -0.0388042 ]
 [ 0.4308804   0.1294629  -0.31745589  0.18292585 -0.0097928 ]
 [ 0.10591258 -0.00856417 -0.36959302  0.39402518  0.22479327]] [[-0.15020619 -0.60751903  0.3030318  -0.22591822  0.34428376 -0.11517213
  -0.29982099 -0.37857971 -0.18968785 -0.3888886 ]
 [-0.17035609 -0.22807075 -0.33458197 -0.58362931  0.04978504  0.43151206
   0.56203979 -0.43751401 -0.25198591  0.59500563]
 [ 0.08870125 -0.38276637 -0.35172284  0.49630666 -0.32275379  0.0495863
  -0.22863209  0.33031511 -0.41329372 -0.0589689 ]
 [-0.33898044  0.44109964  0.05131929 -0.07668959  0.07428274  0.2312806
  -0.44738638  0.32912648 -0.39239442  0.30369964]
 [ 0.03440881 -0.11233127 -0.09601425  0.31351349  0.15772925 -0.36763489
   0.1382672  -0.03266471 -0.14139116 -0.14348151]]
17000 0.328414 [[ 0.07768073 -0.22324994 -0.06529868 -0.15197372  0.5532198 ]
 [-0.14682321  0.63341355 -0.05339348  0.15631016 -0.04020638]
 [ 0.42918631  0.12980424 -0.31745589  0.18073346 -0.00970366]
 [ 0.10357802 -0.00851486 -0.36959302  0.39222059  0.22382256]] [[-0.15020619 -0.60939914  0.30569187 -0.22627349  0.3422513  -0.11134312
  -0.29755011 -0.37886426 -0.18968785 -0.39048553]
 [-0.17035609 -0.22765227 -0.33714691 -0.58428091  0.05071658  0.43036515
   0.56242347 -0.43755656 -0.25198591  0.59421545]
 [ 0.08870125 -0.38276637 -0.35172284  0.49630666 -0.32275379  0.0495863
  -0.22863209  0.33031511 -0.41329372 -0.0589689 ]
 [-0.33898044  0.43991262  0.05202102 -0.07755179  0.07621986  0.2314119
  -0.44736233  0.32876709 -0.39239442  0.30552006]
 [ 0.03440881 -0.11389883 -0.09890583  0.3129518   0.1547308  -0.36919883
   0.13873881 -0.03436375 -0.14139116 -0.14399502]]
17200 0.328769 [[ 0.07733804 -0.22230442 -0.06529868 -0.15120484  0.55059159]
 [-0.14754137  0.63034767 -0.05339348  0.15498173 -0.04226423]
 [ 0.42622107  0.1281987  -0.31745589  0.17906266 -0.00997364]
 [ 0.10126401 -0.00986249 -0.36959302  0.38961703  0.22325258]] [[-0.15020619 -0.61089867  0.3082428  -0.22607207  0.33958697 -0.10849736
  -0.29680496 -0.37935573 -0.18968785 -0.39113584]
 [-0.17035609 -0.22774872 -0.34012476 -0.58488524  0.05089701  0.42967013
   0.56223428 -0.43793932 -0.25198591  0.59307581]
 [ 0.08870125 -0.38276637 -0.35172284  0.49630666 -0.32275379  0.0495863
  -0.22863209  0.33031511 -0.41329372 -0.0589689 ]
 [-0.33898044  0.43891749  0.05324574 -0.07771499  0.07783874  0.2307373
  -0.44740984  0.3276813  -0.39239442  0.30767363]
 [ 0.03440881 -0.11525202 -0.10096095  0.3121087   0.1523369  -0.37083793
   0.13792141 -0.03628855 -0.14139116 -0.14395675]]
17400 0.330631 [[ 0.07679542 -0.22112368 -0.06529868 -0.1502385   0.54858315]
 [-0.14757279  0.62747252 -0.05339348  0.1539714  -0.04289015]
 [ 0.42416316  0.12740688 -0.31745589  0.17671669 -0.00955895]
 [ 0.09961832 -0.00989514 -0.36959302  0.38768429  0.22181061]] [[-0.15020619 -0.61302114  0.31086302 -0.22584631  0.33684579 -0.10521476
  -0.29547206 -0.37965396 -0.18968785 -0.39225322]
 [-0.17035609 -0.22761357 -0.34457466 -0.58523393  0.05181144  0.42901903
   0.56191874 -0.43843368 -0.25198591  0.59152454]
 [ 0.08870125 -0.38276637 -0.35172284  0.49630666 -0.32275379  0.0495863
  -0.22863209  0.33031511 -0.41329372 -0.0589689 ]
 [-0.33898044  0.43700409  0.05441562 -0.07815297  0.07892077  0.23021354
  -0.44789594  0.32674083 -0.39239442  0.31047422]
 [ 0.03440881 -0.11701822 -0.1018981   0.31136069  0.15055057 -0.3719098
   0.13799626 -0.03742426 -0.14139116 -0.14402317]]
17600 0.324205 [[ 0.07700261 -0.21968769 -0.06529868 -0.14948055  0.54575229]
 [-0.14676647  0.62390167 -0.05339348  0.15322252 -0.04472664]
 [ 0.42369086  0.12473661 -0.31745589  0.17318226 -0.00861452]
 [ 0.09579471 -0.01080652 -0.36959302  0.38707334  0.21970376]] [[-0.15020619 -0.61482447  0.31419352 -0.22610922  0.33385897 -0.10343992
  -0.29400539 -0.37994125 -0.18968785 -0.3940227 ]
 [-0.17035609 -0.22741142 -0.34836236 -0.58578318  0.05313097  0.42797026
   0.56109178 -0.4389815  -0.25198591  0.58978796]
 [ 0.08870125 -0.38276637 -0.35172284  0.49630666 -0.32275379  0.0495863
  -0.22863209  0.33031511 -0.41329372 -0.0589689 ]
 [-0.33898044  0.43535942  0.05786141 -0.0777399   0.07900806  0.22855291
  -0.44842064  0.32573891 -0.39239442  0.31504124]
 [ 0.03440881 -0.11882234 -0.10260125  0.30966881  0.14696935 -0.37335509
   0.13756943 -0.03842483 -0.14139116 -0.14469567]]
17800 0.328835 [[ 0.07676757 -0.21808778 -0.06529868 -0.14888839  0.54341227]
 [-0.14757198  0.62060922 -0.05339348  0.15170319 -0.04678513]
 [ 0.42365858  0.12328812 -0.31745589  0.16899922 -0.00712809]
 [ 0.09179034 -0.00903208 -0.36959302  0.38524005  0.21851709]] [[-0.15020619 -0.61752903  0.31547305 -0.22529307  0.33267778 -0.10031296
  -0.29225242 -0.38032645 -0.18968785 -0.39651823]
 [-0.17035609 -0.22583394 -0.35510868 -0.58610344  0.05483193  0.42849636
   0.56116593 -0.43966657 -0.25198591  0.58527672]
 [ 0.08870125 -0.38276637 -0.35172284  0.49630666 -0.32275379  0.0495863
  -0.22863209  0.33031511 -0.41329372 -0.0589689 ]
 [-0.33898044  0.43188754  0.0594883  -0.0757222   0.07921465  0.22757539
  -0.44862002  0.32439962 -0.39239442  0.32076269]
 [ 0.03440881 -0.12198047 -0.1056369   0.30910653  0.14280109 -0.37380266
   0.13754392 -0.0395629  -0.14139116 -0.14619891]]
18000 0.331066 [[ 0.07717272 -0.21742085 -0.06529868 -0.1483371   0.54213816]
 [-0.14816065  0.61824095 -0.05339348  0.15135841 -0.04827378]
 [ 0.42315239  0.12250876 -0.31745589  0.1665861  -0.00672851]
 [ 0.08916289 -0.00868127 -0.36959302  0.38430482  0.21698169]] [[-0.15020619 -0.61902106  0.31835184 -0.22509511  0.33151698 -0.09581229
  -0.29000553 -0.38062999 -0.18968785 -0.39958939]
 [-0.17035609 -0.22511965 -0.36130518 -0.58640331  0.05651773  0.4291321
   0.56056887 -0.44028661 -0.25198591  0.58268481]
 [ 0.08870125 -0.38276637 -0.35172284  0.49630666 -0.32275379  0.0495863
  -0.22863209  0.33031511 -0.41329372 -0.0589689 ]
 [-0.33898044  0.42969128  0.06143382 -0.07448334  0.08116012  0.22838281
  -0.44878125  0.32326195 -0.39239442  0.32500115]
 [ 0.03440881 -0.12489838 -0.10800096  0.30773774  0.13901392 -0.37579641
   0.13778467 -0.04040138 -0.14139116 -0.14821397]]
18200 0.329586 [[ 0.07812429 -0.21609476 -0.06529868 -0.15031153  0.53920633]
 [-0.14853679  0.61679184 -0.05339348  0.14968979 -0.05036257]
 [ 0.42271253  0.11983138 -0.31745589  0.16414617 -0.0059096 ]
 [ 0.0862176  -0.01041501 -0.36959302  0.38267392  0.21630265]] [[-0.15020619 -0.62025207  0.32076392 -0.22499317  0.33067688 -0.09265146
  -0.28976065 -0.38094071 -0.18968785 -0.40154809]
 [-0.17035609 -0.22401211 -0.36778617 -0.58668423  0.05769416  0.42973596
   0.55944377 -0.44091639 -0.25198591  0.58115923]
 [ 0.08870125 -0.38276637 -0.35172284  0.49630666 -0.32275379  0.0495863
  -0.22863209  0.33031511 -0.41329372 -0.0589689 ]
 [-0.33898044  0.42805675  0.06389065 -0.07300821  0.0831149   0.2275815
  -0.44878671  0.32208681 -0.39239442  0.32981816]
 [ 0.03440881 -0.12757257 -0.10962769  0.30587426  0.13617519 -0.3778736
   0.13651069 -0.04122301 -0.14139116 -0.14874679]]
18400 0.321337 [[ 0.07742855 -0.21569625 -0.06529868 -0.1518455   0.53569615]
 [-0.1494977   0.61466891 -0.05339348  0.1491946  -0.05164898]
 [ 0.42177108  0.1186252  -0.31745589  0.16214013 -0.00591619]
 [ 0.08515266 -0.01207124 -0.36959302  0.38202083  0.21529521]] [[-0.15020619 -0.62150538  0.32506412 -0.2257522   0.32957813 -0.08996249
  -0.28954962 -0.38102886 -0.18968785 -0.40150887]
 [-0.17035609 -0.22255716 -0.37141305 -0.58629698  0.05951187  0.42918339
   0.55847472 -0.44145074 -0.25198591  0.58271706]
 [ 0.08870125 -0.38276637 -0.35172284  0.49630666 -0.32275379  0.0495863
  -0.22863209  0.33031511 -0.41329372 -0.0589689 ]
 [-0.33898044  0.42678988  0.06731209 -0.0729523   0.08674176  0.2262616
  -0.44850376  0.3213886  -0.39239442  0.3350834 ]
 [ 0.03440881 -0.13005075 -0.10903116  0.3048203   0.13411193 -0.37996998
   0.1344773  -0.04139846 -0.14139116 -0.14703992]]
18600 0.32401 [[ 0.07638244 -0.21500306 -0.06529868 -0.1526145   0.53330243]
 [-0.15425189  0.61208338 -0.05339348  0.14893222 -0.05190337]
 [ 0.42080864  0.11857846 -0.31745589  0.15875311 -0.00472006]
 [ 0.08423813 -0.01011587 -0.36959302  0.38114968  0.21525905]] [[-0.15020619 -0.62320298  0.32924727 -0.2263594   0.32874131 -0.08636488
  -0.28786549 -0.38128901 -0.18968785 -0.40277636]
 [-0.17035609 -0.2211546  -0.37569582 -0.58613998  0.06206672  0.43008283
   0.55777562 -0.44208452 -0.25198591  0.58150506]
 [ 0.08870125 -0.38276637 -0.35172284  0.49630666 -0.32275379  0.0495863
  -0.22863209  0.33031511 -0.41329372 -0.0589689 ]
 [-0.33898044  0.42474249  0.06808148 -0.07262281  0.09094544  0.22610563
  -0.44833276  0.32029617 -0.39239442  0.33948851]
 [ 0.03440881 -0.13227466 -0.11013941  0.303487    0.13389099 -0.38108104
   0.13343051 -0.04207513 -0.14139116 -0.14862755]]
18800 0.325644 [[ 0.07514139 -0.21454659 -0.06529868 -0.15246809  0.53016782]
 [-0.15584798  0.61005735 -0.05339348  0.14572732 -0.05231323]
 [ 0.41931576  0.11761525 -0.31745589  0.1576066  -0.00525068]
 [ 0.08140059 -0.01132468 -0.36959302  0.37804207  0.21411644]] [[-0.15020619 -0.62365931  0.33169043 -0.22776704  0.32714438 -0.08328056
  -0.28904644 -0.38179711 -0.18968785 -0.40361622]
 [-0.17035609 -0.22318493 -0.38124976 -0.58637446  0.06257427  0.42981526
   0.55578089 -0.44285434 -0.25198591  0.58101749]
 [ 0.08870125 -0.38276637 -0.35172284  0.49630666 -0.32275379  0.0495863
  -0.22863209  0.33031511 -0.41329372 -0.0589689 ]
 [-0.33898044  0.42336208  0.06854364 -0.07259341  0.0929211   0.22607478
  -0.44806245  0.31861177 -0.39239442  0.34183091]
 [ 0.03440881 -0.13344714 -0.1109532   0.30146214  0.13184579 -0.38349631
   0.1316352  -0.04358961 -0.14139116 -0.1505122 ]]
19000 0.329702 [[ 0.07479335 -0.21389242 -0.06529868 -0.15188862  0.52824324]
 [-0.15639393  0.60891229 -0.05339348  0.14543319 -0.05245977]
 [ 0.4177056   0.11735579 -0.31745589  0.15521091 -0.00361681]
 [ 0.08059374 -0.01137655 -0.36959302  0.37642118  0.21431619]] [[-0.15020619 -0.62464213  0.33392128 -0.22802088  0.32581019 -0.07985944
  -0.2883065  -0.38196963 -0.18968785 -0.4050945 ]
 [-0.17035609 -0.22261718 -0.3852483  -0.58630854  0.06258389  0.43015659
   0.55560148 -0.44349113 -0.25198591  0.5811972 ]
 [ 0.08870125 -0.38276637 -0.35172284  0.49630666 -0.32275379  0.0495863
  -0.22863209  0.33031511 -0.41329372 -0.0589689 ]
 [-0.33898044  0.42265835  0.06997528 -0.07224988  0.0969079   0.22625768
  -0.44691443  0.31766233 -0.39239442  0.34445241]
 [ 0.03440881 -0.13497578 -0.11123952  0.30117071  0.13127287 -0.38449901
   0.13131748 -0.0440162  -0.14139116 -0.15267512]]
19200 0.320116 [[ 0.07523691 -0.21569191 -0.06529868 -0.1503562   0.52610117]
 [-0.15598825  0.60616332 -0.05339348  0.14640233 -0.05292629]
 [ 0.41771632  0.11475361 -0.31745589  0.15350311 -0.00421114]
 [ 0.0789294  -0.01422204 -0.36959302  0.37674668  0.21188979]] [[-0.15020619 -0.62470114  0.33979553 -0.22862655  0.32389209 -0.07550216
  -0.28753883 -0.38213563 -0.18968785 -0.40713108]
 [-0.17035609 -0.22264177 -0.38618919 -0.58595592  0.06340114  0.43027097
   0.55456936 -0.44404659 -0.25198591  0.58347923]
 [ 0.08870125 -0.38276637 -0.35172284  0.49630666 -0.32275379  0.0495863
  -0.22863209  0.33031511 -0.41329372 -0.0589689 ]
 [-0.33898044  0.42330787  0.07430695 -0.07322266  0.09949367  0.22665399
  -0.44626823  0.31681278 -0.39239442  0.34669605]
 [ 0.03440881 -0.13595361 -0.1084183   0.30197561  0.13026485 -0.38654053
   0.12906323 -0.04456376 -0.14139116 -0.15246271]]
19400 0.326292 [[ 0.07426482 -0.21419865 -0.06529868 -0.15135519  0.52518559]
 [-0.15665962  0.60543269 -0.05339348  0.14599685 -0.0531599 ]
 [ 0.41666695  0.11656138 -0.31745589  0.15079238 -0.00275665]
 [ 0.07855827 -0.01370424 -0.36959302  0.37449411  0.21163055]] [[-0.15020619 -0.62560201  0.3406671  -0.22995861  0.32346651 -0.07233846
  -0.2865316  -0.38218945 -0.18968785 -0.40906814]
 [-0.17035609 -0.22248782 -0.38956207 -0.58570921  0.06388725  0.4314639
   0.55413318 -0.44457284 -0.25198591  0.58390844]
 [ 0.08870125 -0.38276637 -0.35172284  0.49630666 -0.32275379  0.0495863
  -0.22863209  0.33031511 -0.41329372 -0.0589689 ]
 [-0.33898044  0.42227817  0.07401379 -0.07434157  0.10256088  0.22690161
  -0.44626129  0.31620106 -0.39239442  0.34804416]
 [ 0.03440881 -0.13826579 -0.10987253  0.30207461  0.12892488 -0.38816401
   0.12821926 -0.04470213 -0.14139116 -0.15429506]]
19600 0.325909 [[ 0.07386241 -0.213809   -0.06529868 -0.15237167  0.5239144 ]
 [-0.1572445   0.6052531  -0.05339348  0.14638934 -0.0533345 ]
 [ 0.41746107  0.11482062 -0.31745589  0.15252966 -0.00174448]
 [ 0.07449999 -0.01636622 -0.36959302  0.37433746  0.21150711]] [[-0.15020619 -0.62575454  0.34448352 -0.23139139  0.32454008 -0.0721648
  -0.28811303 -0.38235855 -0.18968785 -0.40738538]
 [-0.17035609 -0.22183864 -0.39144853 -0.58525294  0.06532189  0.43012905
   0.55328298 -0.44519722 -0.25198591  0.58854836]
 [ 0.08870125 -0.38276637 -0.35172284  0.49630666 -0.32275379  0.0495863
  -0.22863209  0.33031511 -0.41329372 -0.0589689 ]
 [-0.33898044  0.42318565  0.07700931 -0.07482902  0.10544178  0.22401728
  -0.44674742  0.31526446 -0.39239442  0.3529557 ]
 [ 0.03440881 -0.13902153 -0.10693916  0.30278969  0.12828973 -0.39230281
   0.12718873 -0.04518853 -0.14139116 -0.15198532]]
19800 0.321854 [[ 0.07360031 -0.21211752 -0.06529868 -0.15574002  0.5223586 ]
 [-0.15623756  0.60503924 -0.05339348  0.14316589 -0.05427352]
 [ 0.41603112  0.115871   -0.31745589  0.14989375 -0.00135329]
 [ 0.07231718 -0.01442059 -0.36959302  0.37122807  0.20899129]] [[-0.15020619 -0.62647867  0.34241122 -0.23229492  0.32364938 -0.06713446
  -0.28937438 -0.38235572 -0.18968785 -0.41030633]
 [-0.17035609 -0.22259997 -0.3961646  -0.58568943  0.06392791  0.43304315
   0.55195683 -0.4457221  -0.25198591  0.58728683]
 [ 0.08870125 -0.38276637 -0.35172284  0.49630666 -0.32275379  0.0495863
  -0.22863209  0.33031511 -0.41329372 -0.0589689 ]
 [-0.33898044  0.42193907  0.07465552 -0.07654557  0.10586868  0.22727762
  -0.44699469  0.31473872 -0.39239442  0.35177648]
 [ 0.03440881 -0.1412534  -0.11109658  0.30196121  0.12579055 -0.39301917
   0.12487619 -0.04518271 -0.14139116 -0.15431334]]
[array([[ 0.01167983],
       [ 0.0120343 ],
       [ 0.01239941],
       ..., 
       [ 0.02728638],
       [ 0.02601279],
       [ 0.02479708]], dtype=float32), array([[ 0.],
       [ 0.],
       [ 0.],
       ..., 
       [ 0.],
       [ 0.],
       [ 0.]], dtype=float32), array([[ True],
       [ True],
       [ True],
       ..., 
       [ True],
       [ True],
       [ True]], dtype=bool)]
accuracy 0.847738

Process finished with exit code 0
